10000 3312
8396631802498138779
30
62138482954564
845961
127915153646768
76484881945567
42810185
2600600130
81536271641147
930832596390076403
9813715833413635
46563301101
472200
715
3053539825
26
9869
10
32217953634
79588753193
691
462160737680554
12446324
1017117468391585080
56
2227667765
56081
409586915
9079721551899739915
420435
930854981684730
30070728969772539
111137
7607
1106458114459847
76090608957911251
651
82323625
2
688094577004779055
871904
99
4833355947372961565
450
3158648014
2118441290
74695211617
6
79525835643647
265241526062
7450777370177416
770
848488
16
978416531268610
7859110413079622533
3833208
6599815
923153763507098328
19818
2802008069
55955664157
12707747
70
3
2598522
33390380310
1812058539143849708
900638973037485
418338
597355718
613821288163256
267636721
899379818
1531576958376648236
18
470995803
1400966308451296115
82085167886
25
98778
9
600438352
39731412939584063
4246779573330679
71014379515
2461249743
1139075160847
6394814364427
18932215154861
5953860
9207
732033384093355766
5864998264719
29389659997774673
274130187221644937
5162117648143
5418
3
7687
5340930448032
7
1583237685
9307646
7406905853
948652
93727166
3
280
44065017250
5844015530222
11892617650291743
48
3429934215
2857173317245390851
46809739719
7534
23
625
626057
1200448544097117346
460434026186371961
8848807
675455043854393292
32472007325
456493603434929798
9595141958517
846701359772725480
4401716
347684119
632594
4
7857
364067266
762591
58650070549
93087605
9067364963966
447
9923956219708
564
37931
511423959494924
9014138283795750
70124027484
7660885769278929
152704767
97669
13035843076543605
720461
877337166475
5571255247070
18217902666911183
88306697685248820
731
613647545820799764
50760619174
39129932803066
9864894097528642
6229248
2647427651132952
4353327713
83996778200910559
3995640893
1193028723
9
332175599
108934077
3697841
130634347126
56
13123095162640660
50262264906581617
31860
4
2651422548907
83832521750
655
24118175098878
911524869214364
91178647735
1
725380
618031170952598
174398
295280904
81256926
985203621666511
7
6752786359915808210
708
891534139710
83734368
5385114479
5360168612546820662
53066492704
801297448692574
260474955408270495
3468928
5937456513189229116
72498
818123882903240634
789238323633929
4754
40700
1055459
3931030176273446532
2841813286
697118382355765548
841535820118819625
278471
843739303665
43583438280108
605956993137
449
77529975796430
72674842191
5362828818
6656
49033348516
8217049108747
8760
797002856
30097919674628443
64028610331144
37310747102204565
27713777444
302729053926397
1720205281
36779292893585
4285028495
830616486792296
14
3429764191
456550766033226
199988777477
8816967482839912
504
288560639447567962
399113320265
721165167319617
221933
23593669
14160704504479944
529838621
315928586007623
344
401912900981269
7590871
6588
5
781786903289932
384310502088487473
1155932
5475
26924
886211
239662256218899164
1373890302858
51024816408284
9305624511
582771463027628
76751363
254304317
938189128147364995
9143225052246
85
388449646010278334
1524918
30024842353900
49716649036350
9
6857631416264476
8866
4162893
914188234191
3275899065410299275
4
260384619591959375
901248821672703
82232110843830
2
8
7283919330886257848
213495214727858546
3406090978107544726
30045496833344212
26329795021846
327802559075
21940547585998
940349069345123
501
147495898517544228
2731170
2670057106198560343
69613105300
77300
93126487
1411
9
94157863
17304907611755804
70
30538113989018734
887
7992336876255181
22454
50345
378889981
188252900
21377
8652681061430932
2167778042099452796
25186
4414715
873079442027
14075498201502
497390113630867
3156805021807
801709682977932
771154
45263928424877
24549027
197636407
364707630
6
7613319423837
4772442420906077
2706855808327661
72734184436339
71204
8786055985
436614096722251
2211480545357857420
55351271476
8
5015
3
8797369087
4
361585153344136
13910019088
6384702788504596
152508873787
5363
64840
4254328
53308
7625
487601
48877748602395608
999
85152904635588
440541
99900067878100899
45105780876658
9331302580112605588
8368358620116148799
906634309656
51755335171
157125
59682800866661
71371091
15700060
5490535046119201
6535387805233442
519
16751427001
6
796040076135251
933909399790511
842399791
15784
19103619
322212505721792925
347086088127
2
933226794
10155813478
5824272209104540
55710099919782
684096373759
28885245279956577
4256
97524256423786119
46167340199334130
2855983682909
343095533875527
3611157899
6243
1820
542556
59408190070470
10
8843
20639576382
72085145974943971
5527
14364
264534
8586503294098761895
3
378
80020216503491
7347966
73258258357346823
96703134
622379158
3179642624
7512866020093
9
1474852562
221702691457
8273500016
55794
7949156619
460218261801
31930973
215564627479053320
688279693848554455
39358312924581
963323
93046
6947068
303374838
4707458428
80422906485661823
15878879768
101
3698415514649181511
7799208858282417689
6160208
581804322742752
91191279
814
5294717656088992
33943452125
9146595587814
958792910
923205751817115997
52
13461144014546569
57171
73550833275710
7489565525
319
5508817306291
543037832106592838
93475532532
1358175019906725509
409
29595309623337948
6810523200953458697
9397044498368459419
472421499655723950
32699678126910885
227702832954873058
7107
761043064024018
496718868
3677336599
811
2841820964967709
298143859506418
643
181945
3844
2140250670
47340933513760
47571500061514841
2832194
12373981
87286
46647482
67684674811
48582758130395651
4859887953883348
5454117960045
747
687263608908
7492842139100
103741728158802497
9526475564
888512785162540543
60796012
52185748136030
276192523324
57050
4475500
917
838195
796
423418
58
32010660
2709687015458
1131756
575571512393
5
93686154
5706184272223932247
1429329886510658534
3
1345937
83165149
45906748
632202966032265806
99725283541
81427762
8399943217571465
6047
2919324418
698
5439565517316
13555041158
86892020
10263904897
8203729173546759
264548725588049
44196836793
79195076791798710
3732141467912756956
336460011143127
365669242
4169809433475597350
2993131716319043
726187322293348896
34266470767
539620939639712
13438296325
571775511
69240075910322738
67390561
2087928858
9821047708949
8862888040255704703
67442543
636
24294235277191
233217
75807525383
3427450315557
3
6348007564066460
4658
377950797462900837
697680793401233454
5506
510878259639211
937090250525097
142931006
198491781
42898775
69674126086326734
6
3543
302
785985170
850402015
918
6057
16040225433703828
8685384
35331661422
1257409551
645240391426
467
5683028414
25848394429508365
7839906537
3
52598600
5066635662
7460
94606195492018
8
2410
5859
31338200624980
6977
97735938
7594988223120226
5674550690694719
4173385170
9258836771
4288182
90266151990928
43726464
12438894029571313
285450187883035
6484297850
9004
7133908667639514979
4938
5
68
29199695
134863229628
964097860167
5463707376252
64833858893125726
41545118
33356256649
356871
912584903
120
6537530
13318
667926671725036496
96406255715042
48534973
739537419952046
5326
12
116943360
8268020094805112
7152389450518218
7541736
333163739097
6693680741884
87585501976
719815
936
38069086998574
52503995
785987944962
42733436556433
719441585389468612
63576
6955
403550412053319
809498681106398491
8010750
2730614044331
63918546288
93895
877971704
485
852386297
47
1874746046
6179561
1257550272191679321
613650689852849195
1997970957717030144
29212537241139707
82
983151937973
22499263935767
296371
8832425818676599753
1543887925119829553
176438920
94076729
93
27748365001479
4033633012571839
98679483284155
257493326744
36178667
10623566
56697301326138434
2068689
41031800
83087320
73770890074469
93511511049429334
534937733657
645795379319687225
89
82994345601414
194684254617680
67462
2183401229633358
1730367360523
6660566944620
28077867823731
4767658190480206839
5645006344816
3334134490
27434345710
82598719923304337
9490303
90162153449
619508695
15534894232749155
98043848622143195
639412045423283
281183280279298
9421205
233401
50967057
581449754897
5832459494304
2492089
20766275611489568
33070315934487
449503865437
684618617968
7425
9166891
7803
13198678
5571518217342166597
7238001092012
622
5098351013118
9
60456482745110857
278977822928
770700149239
7891571
9203250973767
792346210
4
75262
87467993594548453
1621184279418
1
665038308
3295061
953494
180466653
825021856
31899430487995514
739296047018674
8187296
5252106675
393376
612316553
6
593622435997
5893550620497442338
4215165357327416
872
3853850331847738
471467
2002767768858353
600434886
740
44610271914055255
85813
760381366
975148011019
82
5278906142017
10057551674
681033697745
35058
182
93501257799308
312595
484
8575458030280423567
14820762975341340
66
7157277426
4465709048
9222531
1952668817361
141998957391
1342449923887288
82
3738900084568183
4
40
59424647
9
19832436
6607053291839328694
244753241784
1415795576602420251
99683016218553670
73465731
6017538546185
6235
51712
831260457351849115
74505117699865823
94506541971565
7
8376047871685037
2260
444288258
13188
6701463992345
58588
6429488761251173
475162534969
33
83152
845
293276626
7
98843388943700
10805934348
7200163
20469447898
3192
4546928265
4
8692767220512948281
505433507580447
996
333
81743795832651989
56
8726939253933334109
68414023727
512
959288
378
95931736744033
5088939286
331398257376
9
1109654502341
8995782349642807287
90335351165930761
20689348203
7622
589692099
7407859158684519
108
383915096388
8636117824631
8917511389052339
5952355199
63533
11235
38917024907
25625
68
247908846
442323161398
16652976586
502526598062155
5
439013297
5690932497516418687
271697691158733378
6
55
374088151036919864
4356914107
9298842
142
621
54130826
47157938167383
9925464311
9647
797
859487683321
853
76311575
6627416
1465490023742
24247253469884
9300295625130
989
2043525
117591987074739
37460189238
3923711
9
229130448
44597225
3610
62590876602
3
47850376232410
7561431027
136951833678745179
480939468351309
6768591610
44181729914474
272539590126
6085988560
398359758
3786507347283
262295185
634279566389
57744688696010
825060463932720773
979944
98075
565719592
21661959490492
7544294789
810
3405672729400
8813996723490
40412272
8852755366226821473
763076761534524139
2522515532997
315627
2561724137105062
31596868
413582082229
359
4335840
32348425470460
106410
776396561247640643
20558146
714587841
6934267
3009596635
472263389190887
7838
9010
170111017
124097837174
5576973092154505157
89017585738
7854
4552532144415
33941551003662104
376407712577
161465200413115
61493446
5
440208093283
59001
471959197344
445165151465508
626887890191649
60541408333419714
9693067556
34287231854
5998767088879997186
5645543
829431436173
8688091081
494
986583738049
85310533425994957
732770033560
260798355051097673
185072
900251295116903
25
43554
33591581847026161
537873739820406798
153084846691
81
601150245
49687
9
298356
134496867422182
834832105121285289
11546507895418
5260881
1710858015962042
5604708405754253
153783560968758
75138911744979
31972
6743775331138
9791
8174065320458240470
9709
972272
6567998625487014
803409513802723
257
51769
706147487317066998
926187696834071
51053639996775942
6
339
3908447
71266953229
6
6770836368960053
21
503219574
42
4607585
6829207118
5540789268880
430025068755501089
8272277
1
5790
573160531
578950609
98
9928617944431
26693
64527509017344995
73472113019
7849322114359
55456
115229213
5
459562349490
335
212723887263309
83395381871011
955754017616368275
5823379613
668
677935017973163734
35946
4759018794
865773097164584
3683541053
795828720314741
7
912075819081697792
14810548323
1032045932704
3824735509930693
27
245618108755690883
392575068260501
5730222681156
8917877204
70251322107609
81487396809954
5230816354509
1210619
106676
7
920987814596
6987294993260
23208828999050
4693292761725223
946876257249887
32282052990581
25706964
8319662498468999
3652078866
33831448611
296555
9827003952
6055661812715730
9409593213
6948323660482258219
17
211
92063294079418751
2060114
98736
68919660361494729
1520983
5237567049205
561137728217
470147
554789
2855743257556300
30822496
1017105369668689
60771771
2209485
476296885354903
282866532892654255
68286867615805133
6106018780
73
359562187
2654115231419572
37852857086179
591994855163985
56343367487108681
28585618967
17
16722184
57
587669885
5226151
188220033019495
9334
7631351988593139889
733711480512954575
9286
180697793946628
321695393409682493
6
38559
5
98648821157
49868642
533731770199
522007333090286431
92740414800476922
214339493
6816613195155382
4318050863974212063
34881858
95609305754
335
277455097978396348
31735905
3868892450
332
126803384
4305185840897
433083
2811401467997
844398746675890
411479114617313989
966388727185392
59999534964
769938375323305
9005
892543095701879412
7313
9914657506
703402747323
3735072794466961755
269067231
528672971737480392
623417609
6
8848640925363232
58603886
5891376
214967105051
1601973904534517458
7407
227
37
19605991
31254
40
572428090
829362588264046268
328633047805959170
963
336502144
4624244018506
837596423966538
9
3
244409
9798923304658907
50610019812
397682017397
845
974128530
68969747
179
5917093
21556023761795371
910
8855
5383172836
49744561884
548727514
727875191319644690
91889877414037
4270160
15987612539360
155221388122214
71008950679941288
26818479
40
986101236815
388760500983
617871981
9065760774
811642
55949988001847371
8556921028230
87407541796
1831234433
821321302875094384
11669904804
491736978
7845359352
98989312679382702
7294016
93762
573
8
82957927629657406
2788713
3570461863897440
1540450933950
25966798805674
52956278803965200
658925830
6206232221
196274946
38929949674735621
724556493612
96101529481515
6179723
6788
3819
811515076902852
49646
9919779546
50955207
9080517939462912289
12105
32117
5277683933
24172899465
8868859791835
515692947
184758691
963599231
8942070574839645316
93476
540018676349
704988600
36
10201390341216
3660168940321
91
8649403718204760314
655851890392
873289
9
3114986708459828
28524
641806639100294954
751205037055
710793
6712954176875
92466764279462240
1302703454593774981
1563124325270427134
342287190053
95864375807495149
452587232
205199597476074072
237
52994
757
389757
1832153616512543169
93597897927
745792979930611104
878
10225154698399
350250
973652331151655
38685907
169947869
1680739343485426
439143268
94318507351878205
8715985519
53551
89029229
585394783
781051256
28149234892258
53
949968772911504691
621
99581799213411
321201154332
64
71662
88945176154036866
50033486064221284
5794495348619
808
3916795686
8314
81547408
5044250089
83621067182838309
407919765299996319
3148310467913433942
7977636185241523291
19280550633
5780995519105496
26280584
43605181346776
5355181796368528
673738
515
41
6617
290137277203262
138660240807693482
4
119360619934456107
8916
5554235194
487195177
775606023220946
686721
3105071472552812
754868146079
591064341
6671799732856
6247612532544
756014684
288507475733936744
58410
525826
6745288781568814981
221409333
49167744
761
191
63323539653907
50175937900921
7482707214259
78194380
857
8
37
4
2814034
4140481741242518522
30108955865
328
2444027795
475860263166241
859826
28300163202130637
5868274
23404792376506214
89
38511780874881
6
48694
5301
6198891786
67343
711696
28564642822
71236271
347
59638
413373
77335799738073214
8
3976312927
71726019792
8683794571956
75
697385176545989478
7630599
88759956
3002305041
4044732
27905768749391
78
7854
65
4161783996027649
2510778912
85765
8072201009665815
1621555
373
4569089
945440399786258
894518177297557
82738714839797
5429511
9644127
5
7736318
6145539103627
156
1935419977919
29649171
52514
1001
76254
746556907
176804020985986104
49364474704837
788512421069931
4325232979635410528
173531
1377057669380095067
4705733
6595
3230118621361860156
670
3626202
923104999118
72292023728
951172291
4173
5823463955434658233
34
2658905833248302519
5381815
479053857633
666
5862085
39551654200924265
9116821754040831
946134499026
108935728635294077
3881038645130662576
77790730
86408332
9274
7386311012668448
168409981013
5312966070712911
8622
42
7442415895373
441663
475619935
12111
7
2924285299
64354680740603916
243651937341
683
7919317675502795579
929616621557720146
24887796
94104
460208
59300183
969864
230858235399
49832261035137668
2344314458
48
21600
48861820919535829
770571446897
6602570
4167229
64127600385
68
679
1668868
6432792872921786
5111227382
925564952082656124
80791706010
374150937
38436527139682126
8018259
93334552
8319188816
95058484506248355
367929968
78904185543062
312087424140229143
70231784031456
110
9935836563654
8809
1342490618662839
738326462633422
2458200
76708263
2682314122
147605731344372
63384533970
2239285280924975914
4409329610953
521
7
74
266
68432758815
7793975087
737009135653873
7157953514687627488
8317259804317919699
1618
59851
93
592201687764231
38854627
1812308
264
50734
98959697477123
6388450584
5229510418692437
1
76125
571
2179302
743662
460946096473938
73204177827620147
68380
1597497061707654028
551436
8
10920
68283044
75
86827949707
87
718766
186
64660
75669
846008
9081899
61932847370
713
3
107901221343977907
8472
61
88491418378264903
867
91741
753098760953620467
97126954025378
9951
3112205
11540792383307891
79825011634161013
969
4034685010067
29608189062932343
3807326433794077482
83388
4584821151867990940
2689702461
5170042951
13
5167986222351
11670
701014
9143701199747705126
8669193349489116907
4369
16949729026
73
967852243635311628
126195992120459
33528517189
51408340948
7
5971734547
8883033634250368
152665726326
899025715398413
482940
708309750
1419489710392
907313639411125
8693160881715500947
97688684
75672749551177
37529398781724
2
77
6
789
392841933777748839
4932567683114
4870
895095149
1
805658838302
2264
21
96805988405546326
6604490
109450156709657445
3685630571559805
99771
858341989197528066
62398721545
70638944894911193
78070620
2105570394100781
117474370560519611
733852022346575
72520
7235735
209720360246183
75462566561060
1425328
22142
7185320927776841
656309913551641
1312924592449
427
172924536499684
849210945
62195044
4437115
7729113588
9
9808232266278148
985581521
85586026801
931756540976343792
9108843024962973105
492253
9167555958286
8478
2386853
20165
89
5458363231616
854806258038748483
438
9
2636600562028639
65574
5104523850010704
9947735535
6
93
2866629637022672778
7295
15699717793706
2619205439113
6645919889809073
4486676495305740694
229689
6
76190
63188
36723599313742
5
7586
492750974180
24
83248538520
2353503361768411073
275
214
795
93539
5119175336347
486
8377371795135896732
72144128482622134
29
38
481433225707746
25533606347998650
5016653558
97
164825747
955525903229082
80721047297212579
99992557004821677
38735805101740
4942
44672991
34881768902316
8486
474478
683686716263616
30
82
85811
59988006747526273
9
1
8
28732007379009669
83
391
6616942910
32392
81519
119152783240
5168244639072008
40255839794
7693283495751992
75
54001067909309973
88
5535093601783892464
22972
9201913426636909
82
15783976113846
80895557929
6766
9243848925632
95817831623912569
63255311987
6770473605940
185635
5994827446
5176685557166252453
750
3748679065336992
646
773
2
8778696051685310
941739953
6724
907
20776294450
242986327221
3680845000168265213
529231
4636674306332
734475
7853125117283954702
8399474767
2753223966423167736
3390
12439429307031833
6974852273
890862374411
9527255068520637209
2
60
356737856
139409209878243350
9373241
53114463647899530
47224952358875
27719
88579431178
28585932538402
47113770223
4765133885055036
29330267109
762365275806
4978
51806252417
41250
125538369
267884831265473
455342344
4672084122
12535146681
2049577382
5064958212477066783
47
8170873372906939
156940
553
5
812868445943322
23658761222
4440874498468877187
704376
2283277638
141585295956337261
38684784146
5668126759460419
2
42048344183683687
8518977
2249
7591985
92016606643644533
4842279
53310
8853654
2483067
9
879003
2169676774237113786
72
678972850670462
746480960
469262
2
47385081497
7
916420169
4202187085934805113
689545
535399179
308
73887498225507
99177655065
2148416463015871618
522243958973
441078051858236580
798077182715789602
77
281180
5
7
16004256928458
6421018622540274
526651506518653938
6671170409
902893526522969956
2006737502289
1580871002320
7609720483169615756
93332275105
423156544
1099458
73790341887795
943104
60080623
1
54004948822355
798217437
6998907
2349603691
81072
2551521094571916275
820941966126
9409912
7105707175
78493682
9516373520192858
309165775962655
3
6474996270245
1446043998219062
94
352
9702002698993
52299237485083142
4465026383947
55850579
2343624601877576
591294516111
153757023800794040
394
4395091492
422480450213
6083331828480
9677662994099979
5973394818263515
75728420
590
785309
92
731
72864067745187
35081666
2898969483
24289000775171311
39251353107795
8811804860352978894
5849
170
952747981195477738
572381154142531
55704323190577
98953
36287948793
1783337
8222
7
231
7593
98594070615779398
569874527673076919
80182893
50784841433479925
967
1
352349
6934800090
9714895233100
3220067364
603
678504404561
908418
76767076
6372933056
14494947
11859581
386
421
4
669
66072712741240
247
4768925493095621
2608197540
2721837208980931308
17014720
742084897886512
7123
7641093
81703800200
2986
80852191015
778107338747527640
112578083726882789
94581
968389399970228556
40752893491497
889793079
7933154468
3
8
4877
3
84704
88310219555030
3786527366
562669935601427768
4989725185466373260
8785364845457293
6466242946
844597271544347
1981860033806084
2547
38896
523
9965911176717
30693
2
547007959175
6681338
20580942715917642
7785778916
4270341
358085481
683957284411589782
8980585170134656
48704870208721957
3513257132031071292
4077
98680720727134
944026540970602137
67
79657318603657596
5
638178787513351
116781535713
66
595725
3999314
857324720
666239883639017393
624829794526662661
625
4015232
4728416332
36266273
88970272213
24097
466
23945134429045
1910843
63419187
32
9628167551121609030
201442019772204815
7
83525524500592049
18667036567
5944334
93082
3762384
26208776963001206
61015640335035016
5106103197091
41511119
46
92
783
64896387892
39
5
1912
4651214667079124
1351637
29878
442
828672
260347253208532252
660989633
76709734
106705076160490
8262262
935
211
743903362474045
376760816349999
597072993064
410121257930163
7765930582589
73
54435334200498853
2454314379735323000
8759
3
519192218811536832
443088
8493328187
4281157898946680
26646561719740
3888119685449692389
6792
952743187610863
732951585388504
48125072
9568440242808597184
905944127498010688
440401055306292
236035029
409845920653423
8601
4424254
128142227
5
5018376166664270
673598908367212915
52
284957981452040095
26133
6
404
588709462188317731
3898
305077059
6
24043395459
9256976503
703160920
238962
1
8713349
8530050481
2994122249
6309634561
57870157108279
857727346564623
977
3
4810091657
2830030126898792
1283674331645
253069134
776
60162
257
3122675992428247424
7531
70839699666973712
2751987359855112934
37599
872
549277058326
4918
80274558256065124
88715502193
36044418900938
9552881060146296815
75702726278833598
397
6220
29178300352920
792581971
629333277
16971841712520
12
3645100776646
651723937030010
3219323184217642
4333480686564617154
2813321331465260354
24107019
800
1
418266658941180
97527313
212019507008791
114694709257
77430950909228476
399677016397
32
796193
3840
9
664246942
316405
318218
81677957
46150287805800880
192
261615581811392
38750447171432977
71202277612213018
554472479860674239
7848806046309947548
74101251526834111
868
9451791165289801069
452319257550879732
592398038445725
79065005212
7727
8781
9723457049
8996875865465868096
26
380533383189368884
34967
64969526341
2718026
662824719949
5743433637
96391666578387
2371648485945
72082
7575198331
8560297019731
72435238697869
506572118326863
9252711028195741
8809165578
6163272065
5
863060
7752302310891
612686
8024852299
333551765159565426
9263223065583894575
14818
180110905790149
59945757612539
18567273972189476
56310313
300880915975
473101917508206
835561230817
29
743
79997186829945247
116193548
47
15087959604883
8
189398
70630790442502061
2459454414835896030
4
941345685
9734
7859656816560
120643
4
7341218878129070
272
2041663424120377
655324
6237968
26805058
60
790620
6319134945840
138130397
4671968504156171
54895497
79876
95100268
607644848672
39564287
121964471
759821168611
476
891234412275147
9320140686458
90046
32242525124
744
5749293117478681436
5
623342244383
940970
498193512
198950385894447027
514914637801
7198211534
92
85774812
920
636787950983
287949892599000651
13
27013039995730598
76242377
615226328871997369
748533682298
8
4116820299
232301849546146062
745601
204143293632
583294594
3008224025358620
911938
1268145
955155927676
59276687
6926
99837
581664566
5937140776033
8362
81771965
90946573067339
2255947264
57310756954
8100771640965476
720452503
996664572540005125
64382696395798
14284
371640894263
834204106405627
8
9506137
538879841910114074
6745388497
54690
2443
388449
877324
768331613209615
2842119821
7793865
22
7
931677776
1691797206766
1581879841636929004
243451582758150
38949422689
88349469140
511039195168044758
5872995848
1219850
246563828978825023
37785456549712
845
93700238608384
78894669603235
106869377943667
33
1583425373674221
160355490717903
853503855517660
88203589244427
87
92397
11207310251
8894117577764
5475435704102497883
733
131192192
44359732
7145515164447203863
1
8813589054568118
3333711121461
707173
4
4390585374948330
749188
5740
1967488691696894
73763096
468617390927879
46256
234
5476
27898602137
26358029249274
3946751145111929304
47266151330549
2083772476842170457
322
78408009650
88113966336152426
384064989793973
97196387
298023753925
6
848
21537
494985167
21930409
8347
82790039
17
44689597089363598
3422304578678
5141822145490
4112
77801867542140186
949
46201770
25581191683853
50
6
625766264582148427
971
166630623
32962238
9871113428640502859
63607722258
9680
1042
39923795277464559
7861152909550
10
1334536
11220160462
392414173623327
838428531960
2
40514
64873145629
977046728915757271
5105731626654465934
15313709548023840
66254438
9493515675566
882584
2191
911771242278727
6532049341957832988
49876153
7917592
17815730184483386
226
701328879
7396690645368
74660437784
33862
36054096
524553311505714
283
165
93
47930021443316
5
521597953
27266467867316104
313232292589
285205752
98
12719024484048381
1211675247480358
5102703397
7860012135988688428
284945195443899
29524169
72525367012337
749595
4246946211986694830
7069789692277920
977977
70746
828157054678
50134447973
7929124
85
600771694775698
457295
5231
9801
71
103
500113997942
9425
349
64655033
81523694936
145941323
486
921604
727741
52427
3285872908
9871
9904368338833
6715080980
5
6301033
2605445510416043680
6
25478
2598019698837296031
4597263128051
2382698074
4427916003695
25645822134
3289782741680179
5533270782287813
3992195489698851
923
105433
361
97751529252
549216959018226
8733340625669539750
464690606
3
8
555925
3011284
83249321775174650
52441890430
29062959305
27276
9947537274895627
9
774853911612587592
7890
810
1120222935455394
277033161421
1853
87386088578886
202416071449
1349
26123279
22781720505201
36863012422739952
73142749189118
747
2397384112701372498
3555
9217
834104303067367796
36218
46638039313379
6
82
67013144
43041
853328605281647
1303
2599207692560393
2348533859
908093234
2301
566285
90661324123758824
9884047
8
5986
11
800
7308069726578
195981253225493217
38888631080
437
434114655322642367
41869
82159477030258
7447150
36637465976925
89860721887248804
845757480
58
905931
42
80985934
2273808215505932410
14
32
584675364102
9878846149695971409
777184073356
6746298498
4226779206247336
3937455583126
73107376587
7784399955
886771517592192707
7414951850
4136352524251352771
23589
7966542767907818134
81
224
59862298834
43055835
31663538334021772
312
9
441545817934
5899393071109838915
5899945267804473097
6600
490409
5719436616142385
9708024230794163
42706056573429
6987076
65272227417966
6279
792887502252383
8754554816523438220
82144025957911580
4504398805201002
17094731141533
990551374509
86527217
3946359
59737870913793380
498159238024036615
7776170
2146090804502469
864138699348
167285035729383767
4745675
9050963518
8021053322543898309
4
5973652467855
685163966583793
4082988
3056238674
6
73001527034254753
280
9108221240754
606251348937672315
9202720900
1659611
31381
6141930
602
565
71813230
98069633953
1
7892750
9760849434550
48763
6
211548
8182291353701883636
433784
892409387
95881256192
542321
54
80
5
505923393655
48446719474
735
48
856369173
1788854950289
83633551007635
51602173518
6725701
306746494032530
16333
42118981029662616
173253671848607069
12998092577564818
99986694684
367
1269156374326415266
325839197355
414555003540775959
1841471832846
421029808298851
2980424087
8380197
92
6991950879
9791035499
2867
53080
341588123045443148
1420164
2261951957240542
8153509788
7695643632823
36545462525530
930290534961
3
2
8272466471096
246747541924
531793658
789579
50
131505832933059617
7332874136
8
2798573018469076231
19427112120151
3465637
1552500151430772
2328720864391662743
3247961978
99469637692
77859612089
2711638634913859570
2
7355056234644070
534085458231753885
42065769355486
656337995324388830
6884847
157124180154843
6768191553
8012657612115
9297912067
57049887
3177
53
2670001294491563
8453082528796033358
91
5759237148596723
83422580980
70
7
747
360031911
6271
47609105
31465072
12729609536815
1863288871363302155
3
1562080396276293204
4163941950389
7698
382945834690
6865885872431483
9
493365851
9339157201435658979
47175363621268
5161453207
2107291697751333617
1
3110729541
915929372745652
61900
5353
961066769568033
93331934737475786
96781700229359845
5585953410
8
2898
5350574205186
85
68252913320078720
80233
324353318047999
29
847151
1
985017556728
514463700585348
740
18107436142
7691673015859
86255550432928197
5117
2159
963773927944153
15742690826891693
548084452246
4735069188309856448
5299008790
74264443935822113
961053094730
1723
8393525099173496
151851440187
7559909
14156
558346
12786987834567
1370959
8327812678263212
779917217098216949
771
6489656200578135591
37321
968546669
82215722906
7154941231285167845
297395398
128263587220
96
59569513
607719903813
18605900769348727
3786111596525915386
4486534945
591724487163926
2582836200713278901
9158492660432
55582178
1933
81010119913729163
5622
3953388183777
600196983
117470953142638552
74779749872169927
4350403796962562
4374522589
194368
2312040905655203859
41794913
99415816
8737885877070
48865
92728561
453932007
18413828
4509336784487815731
705464332
14
98
632575
1
1023112
5176486021538
454512387
83826830456
712422842207485367
622756935069065
48090559931
98688666172351
94335
7
275587705162
78022
82864
151971750403204
6203351131296133039
7314378832846443
42519717440
743411528859418429
85909960022555
8
5
36873910384638
25538
935905117111
5067570153
570880888
51
369256884558731
610
6893644411427810
265920197148972
3425356
484921865248236
94649328946
91667223374177403
495
3580941825810194
340098868386
204038774620471
68838546
960665422544
154414498807590706
4
141194914995
59716
275759338009748
694257369743
9742152686
272219849242449248
9911716212887625898
28936481043358
2017881
76
201417
57496218
253462567
38317613533159622
2768743728444751849
1286746500633753
8
255248079790750382
609732813762974931
592848518790659630
417112696168
7
2457666546
4245966492669830322
4
57187302765518157
814043332715
18129214542
906064978078342
7772111111
407169
31
7326
78470639337710
96305236047494687
964190918105
60639109
77974411
7672503619099208136
62
2224086294
6522207703327459909
42558447532744685
319499550628740
1072606
2732242952595
224
7880977853798
31219436734596263
1660057828885009
78
2375383580023646594
892289184
7082
90
930159131888263006
669532177538468
1272893421515921731
3885986184181
7586996208062660994
8337508811403946
46650318952
245115063793
1
662023789
17
296
2246635
4412
5179487
595316322912436438
85
521595281947619
4792369
962947050126696823
83446
642402519
12
67827866
6090365683
23160200802
85
324853514938156
35175241
2997948259
98
363
5624654376558080
114990340
74418943830962988
8175881503831062
448531627746482
675858007
3
3620
859603
10295445715484
3
3432089
4649013116610651912
9785
51788901711747873
1396821
33
39317155529
688496905840018687
3336711601702430835
4592437082700486
381985
41116441876853961
78158530
445806
526459840
63717757208361
47094
33
19816614306538061
91114251
439529883
902308010600
92464597955043776
3836966235405
438740637759332
76138928
542187019239095
