2000
89917171
91315448
21237795
95402369
49049314
15412446
41280263
35830711
38742131
20438869
92781124
30026007
53985107
62585997
61101755
50282232
59298549
41915621
11284619
97269433
94168876
10989372
62467607
61236672
74422432
16785460
50535156
96268345
77753005
76358935
26273334
19871583
30067388
34590880
57216224
40928835
81200634
27237141
46793427
66876182
25713272
15079779
90318129
88275780
12127273
65377759
60054698
96015906
99652887
31146420
19245117
60780252
67286348
36496875
10435156
40655576
80414489
73498179
51582306
69806166
10119614
79711530
10344025
95532653
35406766
67440905
70775120
27446038
86135450
47854193
10519694
63432684
47595899
54841220
58561154
92312919
54900346
69215311
14157243
84979546
50049762
88510052
83544141
19384184
69825584
60341667
23534845
48489650
91665892
49232304
42294519
94999868
70507413
10462239
85097439
40764658
38466507
24588221
82456253
12751247
21381156
27051362
89029438
51830596
52376877
41284948
13937224
50358505
35363102
63721152
84676082
27688171
79282438
42484238
67101100
76770434
60577234
73510200
25967849
12857436
24762881
36543510
78923975
58363063
12608539
40688536
93304418
66060110
14176213
10344967
97313186
51955665
44774213
20598578
84978644
90006173
22650319
40211410
89006545
50766846
43539964
25413502
74191104
27317927
67308541
96900517
50000258
84651502
66151864
40986944
99312709
20876335
60097308
95236947
28406792
98967249
45184273
63074919
61673486
86630879
55518837
24707782
44554016
30229953
25790738
98848374
64125045
68764262
27927538
75104589
66738376
36745065
53584967
63202602
25748463
13380466
67801024
23176662
52881375
99519181
83069359
85417472
61535803
75528959
36961604
97422391
12882662
79939237
37901521
53757673
33519971
35400706
18997221
10554009
48026998
91226325
40191446
43593407
73447713
64988370
88729711
57282813
49570986
92360712
54028517
54663802
86923651
90522766
88405993
71768147
48202137
82077278
20903717
40097201
53383494
20476978
48661336
30976281
54481216
97945495
86405428
92817500
42052377
23291167
13838272
42063861
80146044
13764585
30686554
64034091
59957064
31771734
11712023
52453140
51020987
19652051
52765512
92885905
92251091
70581677
20498143
30997039
60423474
43625692
42780388
45482907
99950896
99213702
96644521
93254634
31632398
80511585
43815880
84146261
13382629
66226259
24044941
64553307
48861267
37909801
26416856
29011001
20409426
70121782
97806819
16654620
58767926
47388625
44021409
95636254
82327083
54691083
38485695
14305221
46816444
25557654
45942249
26902326
20450242
48595661
75757226
52899941
71625999
72719618
98486497
95343499
64910764
71600473
40012670
64083253
12630718
78532799
81453034
65651868
99789661
65785755
94876449
76685075
18711827
20392301
39083327
67177874
24577345
72953361
49103760
71283433
30845443
38235178
65408670
59814116
65078520
51493650
20249021
73294102
60871059
26921201
56660255
16205329
70981423
69423649
76224760
22315008
28360037
24122067
59080541
99911884
89779571
21944779
21900904
95552548
92519539
11233845
79560850
11951243
83610539
84726472
35410936
77898778
78422424
86977371
25320506
73800852
87967312
92089709
78053032
77311729
26802719
35879288
36858725
37809825
75208153
13784878
41065889
59461827
39181115
60751199
61998415
46726349
75562187
66741124
68490921
28724612
19718293
50472096
51705471
19418280
62011391
87606613
36730010
50201875
11642042
86513568
95273168
23083778
78110539
38518707
17748611
37621124
94538079
75611742
63477289
52500421
49178518
69587382
56409739
39350352
59487292
57448992
85069721
45860624
71833775
27545687
49039698
98527491
64847848
79946608
63956216
73945608
43797049
74781335
76330158
26135111
34669630
73230540
45153022
90324260
50182825
13428551
45159158
37652303
28702766
77546014
76417551
84710254
41123453
85260370
34660734
90824817
69757051
52619648
12279639
17774100
12615437
29595970
18068157
31810200
41949342
95086092
59427111
90829631
34568175
51394294
45915546
61012500
91323651
51774410
98525841
33038607
51959057
21109805
72964387
94636457
64159160
68413329
14351908
50723841
34218577
86698246
18818009
10968000
59822091
53342015
76128330
97683375
62738084
12644432
56905959
57607475
21592840
13400451
13281414
94053700
68071690
38904574
97241991
82303394
90631030
64899907
70673497
23429188
68770777
94688567
49426851
69866885
39528608
91830897
28714275
91317341
31048521
86946014
88941512
60267930
75981020
40788321
60537095
18921296
59990532
77260464
99940617
31733460
75691111
64275243
84807768
82458565
21634664
72669975
60075116
58568334
61158534
93076195
86255211
65248938
66775057
47906158
97910794
99542239
10800829
35046799
30686072
68060844
97923224
23791879
81454991
65618192
19278354
49288577
15732487
59853166
13265895
80054242
25252913
25736974
61286518
59333366
62665411
67165334
29939033
57584484
36590669
16202222
45933541
50051063
99765600
42010635
51376183
83888997
36644628
91951221
37576062
98855704
10123484
38151281
19567121
61684694
40297873
90306827
19845211
86077533
75854069
34354483
54265976
85950394
80928009
96981617
12316460
17051719
24831231
29592431
62764480
18488538
26585172
64011933
95884974
12509812
91478512
83235604
51869790
12367086
44360223
45431664
85553972
42436108
53888836
64849012
46041461
63360653
90027186
45485235
50720654
51359658
70900217
51560509
22406480
36031820
93611031
50181976
45634687
18211890
15836417
43592710
89844433
80777830
42880128
28341799
60371835
28106510
45718050
93425434
72506221
60886287
89768313
78999944
49936363
58449973
13222292
20182715
84616462
25250310
81527121
62895688
37341573
44226783
77352699
33660570
59872725
53425965
31671978
62718530
46191676
84646277
29284481
29745636
83726171
69781649
60851423
53901770
60526651
35002179
59702796
75268848
41888747
32190065
95686437
20906736
68050573
24713250
19107416
68510888
55143059
27650375
29156339
64711162
43008050
34838555
13698303
29265288
61782131
77007290
38027983
65174281
99015363
40457435
64033626
54908577
54116024
19477483
78091475
76065693
37650727
98393811
46626592
12595929
50416375
94738956
66812887
73406856
37180518
30986816
23091431
58552849
84028889
99805940
58811152
87195897
52917621
57498703
43070457
30982036
35000306
85597180
76367400
68799155
45416002
74109542
51318729
69521288
42907044
82042612
82028626
25046559
70777143
83564970
45888605
26848182
42099064
32912403
27019378
67874806
34057667
97626080
35937947
74542771
40953244
36470152
52109633
28561990
43195175
48632655
68319773
87286824
67877688
86095270
17013841
26306620
70594553
89802880
32287668
40130418
73159331
71525482
86261379
33454611
70354291
67325339
12537938
43878699
16666719
10510858
52285405
45151379
94878335
85887346
82912560
71287958
27286868
14283177
18568475
78355174
71362845
73126821
38271502
83574863
55669723
68675859
50588984
21164022
56720775
50633155
89522558
27766042
20978565
19171830
54137064
33998510
67123613
42754429
82633797
14930991
87255272
33864635
81999444
90222460
38033631
53149953
95327343
17221979
73137430
58299973
58036034
40019126
54426070
79347184
55485305
93234083
60935146
27654035
41490255
80673996
86277660
42862239
63646842
41103878
81461888
11626959
39494441
94442734
91805329
83219091
56682612
48546417
14654208
94130237
86027460
83390571
29417808
61685404
29807163
99781538
79312711
76697579
92027634
37749456
74903153
61457707
91894856
97030835
12385242
15088848
46098917
68330166
25219727
13434322
29383580
26495371
24570022
89386701
14704490
90443729
66557208
36856332
45561580
96044371
62464598
57921383
41989911
19088855
50637891
33108958
58268804
43577928
11658940
44053109
74219584
41761877
72746122
45313424
64085968
99041346
55898183
44984438
94559320
39954737
65430233
74608709
90820220
81437849
24308842
35651277
44808157
63293468
32312368
81885531
86029519
96328282
24920921
74300784
65823662
67931234
37573339
40674135
34554193
33724565
53446994
49472209
65436560
35821174
94064696
85281390
81392838
27947687
13722098
18972717
52776390
61854041
29806543
25979669
68292314
18685610
37265434
26210165
53041593
42742148
79398199
87317785
35812829
54189272
49005804
25043070
37559377
52983031
47606146
37506604
31907885
10484235
94099667
93614274
70996833
20965700
57580367
93294715
76210115
26662076
38044122
27960455
47212739
63237111
17697227
84045367
42937172
52245482
41098322
36769644
66567992
12459779
22792716
90320002
42300626
74328229
22707756
92753480
23861725
34764006
57494783
28879323
99439686
28984313
99091546
21838009
27679770
32383579
98782231
36520508
41738334
17371165
93493304
21181053
45807239
50020774
90738454
82507759
54889356
88562575
20777853
33992963
10234976
84187877
25897774
54676627
72239147
87913506
20142616
19126279
97636296
19496181
64231246
58126551
26884373
50353491
11478346
61004930
32368375
67228068
32774219
52256144
80913576
20938837
89733229
12731337
57689212
62786271
89803221
78008558
17881495
88937970
91849152
46627641
95257535
28001817
64630143
67399255
94315685
66791976
10176922
48269583
67088776
14909481
32386223
43164115
65334847
76688986
47049193
46022440
84234579
80242498
50686564
28374071
39248480
47812993
61503764
21016395
41418026
68072911
32122671
35514517
37745094
14008855
46886408
48366407
98611659
21750787
64281248
16769273
21677117
33496639
81131462
85175525
98106119
11265798
58738390
42884437
26512741
36758288
96078664
50404418
66421718
24599982
11758182
83368891
39167461
70434599
97055993
30820325
17119022
16557355
61732175
26195494
28501167
98821606
52179728
61010432
70820643
68847905
21795664
46931077
59151312
92710970
87404847
72937196
44492302
10476105
82528890
17820728
87077932
94282696
67394927
48106520
11604060
21111344
26139158
59498444
40727343
81542787
88833054
92881095
25019517
92348272
64965294
24781953
77133798
47658395
19390427
79506371
12783454
91962810
49810179
69766532
48298750
60719072
61413130
50354923
14137220
36639119
37329223
99988777
33014294
61708359
87601386
88131509
37199022
44503512
35732136
26877076
97375828
15696732
28351934
71605557
14659606
75671945
78342813
47976926
91787603
10310028
91574854
53761674
14042533
24350807
48026438
16685515
66313244
84774186
91220184
16611558
47261707
91741831
81453709
19508441
42011695
32816409
86312750
44785024
51687222
16705817
96433403
37598228
86255426
19814582
46297244
71388460
71538217
43707752
69578723
42225138
58904971
85085097
10856162
51134918
54557038
90392925
29215765
11143921
56814202
54499171
20425491
15320793
52358403
75976813
75932057
44918397
35296532
28981190
27286209
77874564
81644605
64528324
30966531
21522417
71068252
88149861
23661346
59445898
73492770
37872635
46918014
20356966
13956915
85676870
37893944
96358021
59039962
54153960
23074081
30464182
28687271
97632366
34707301
44853401
62039252
35195045
74031650
97074764
47300848
15423709
46695383
12537580
91133343
38987405
40364228
94907592
78501467
53333199
89039887
95899392
37045281
49078717
76246642
10939669
38005900
54282857
31158247
16857961
89749018
81754123
44281205
84012917
95648445
56373236
81226525
97374526
90570929
26091688
60347954
76330242
74288937
40716000
19111533
13545182
30718750
59010856
24209030
91341941
93856085
84080451
91029648
54862153
55581118
80383825
60118410
23247743
78176623
66704521
59633106
72084232
68297373
41415830
55027094
55098563
92862491
55247257
61621072
30032476
91285468
97820164
96168806
60646822
56578317
82267822
36094105
68128218
72095428
24081822
67134079
11525029
71743244
93710614
20207874
63473757
54315494
67947887
92662429
74338242
46703628
63643581
18018037
21176996
57724051
15103675
46019742
99302900
92611524
64463020
42680425
74281108
54730825
11717954
15451314
32798431
54620232
30143656
14643518
14676884
63907194
50836815
43845031
10209742
95335199
35266818
60479397
47534091
45992382
61639370
56748405
14357712
80032216
42561539
93116209
69442869
81970590
66179678
71857446
81276240
10184391
90374643
32946273
68135569
97078370
71886929
64432448
18509177
58954412
67104673
54374674
78847925
66862909
31260586
46439847
72501529
13436912
50577753
30369120
71398472
23159656
74224308
12834101
99494911
26766776
71926640
25832572
75791670
40244320
64731579
85062739
22420120
41987110
91520333
25432203
22112699
58693738
38288993
78818353
36283263
95030425
67303703
61550978
25815450
31855575
87381060
75933916
59286856
78046579
65208545
75218627
58782347
39462473
28213377
11263684
65341449
73360451
36488944
46896165
54860310
36759863
29892971
49727949
15253521
44192370
35271758
83327638
62774868
39180942
77766990
20640119
58586548
57172354
69603937
95356208
31285242
10531936
99829981
23619553
75489381
95350021
80385214
95694151
17944996
55399719
61419316
50062816
57242781
77242850
43403216
53209945
84361283
68666123
33699163
26306337
90850927
91138827
41554664
27374453
56277770
46348984
36413608
77516683
73457328
59346619
69196137
92892951
75153815
97801406
36959296
43773179
11376267
67210657
76441055
70843001
10374953
15361050
66875369
43672873
64828001
79870940
40928969
89307872
50240341
49286359
73066861
23715392
33873758
43732437
10756623
22001906
68512467
62633740
92840927
38072850
77950016
68225342
82636867
51835503
88521455
26917160
90052292
91701054
26825518
90791149
40458550
60474314
14064361
14859397
32526776
56150065
34177272
74089423
14530930
48590092
87055258
11750836
24636445
92881614
86951175
11709476
15535421
18287320
77467292
97063046
64657260
19389685
36570656
16671522
88119362
57288780
49438059
78657705
47527341
85017528
17830951
16090489
94049460
63309270
87213242
98550109
66925363
29204630
61737296
47032918
53721342
99791957
57777392
12774512
15610807
91099890
37297803
75124614
11153321
98867969
33184822
89501815
67058714
64843829
21233914
66412646
67673507
27381841
63240664
93543601
17099290
14589818
13019768
51711123
41984042
27888418
59197636
11406388
50126003
18956216
63800259
24615776
98409334
94457309
73053190
92907987
74445861
48057569
85992928
96784219
86795025
48837954
59967601
55550290
89317565
45848129
71643188
44093532
46052769
86869342
61642332
42905082
88321965
81123994
33618964
94461893
48777239
24032861
17925586
86785203
73687862
27617930
61031330
67257800
40106042
98086430
11303783
45868404
10615708
81311878
46004856
53722427
95538589
37760634
92839707
79444261
27352129
39099770
52877908
78395921
58631827
88437252
67947231
49337453
23588119
23334576
30893598
49061171
48592884
59702116
28301878
83702839
58844582
47232656
52704851
97536478
94108246
34195273
70493123
44406302
78906792
83962464
52488955
77816851
60971237
39288095
68999045
90464232
94196440
40620991
75437078
56739974
46350299
94864239
36789008
79402976
26271874
52503599
90544800
37318565
63649580
83099396
49678822
31058371
66018768
59984972
36455617
15009967
98073322
23431155
86224355
58146050
79853206
71657622
77867615
21160820
91956853
82149654
21988122
53079774
74310399
15395439
11297036
83767648
83789833
40857716
99039054
64937757
72375724
83100153
99731798
61665387
53837910
66735600
13085982
95309567
76804381
49567147
96143149
22988982
73680374
21792989
43300963
82587546
54845880
80573179
80359540
74314617
55682995
49571083
13487943
95124284
79360273
43430426
22797995
26328667
80618872
27802372
38049383
54384965
50659477
70441008
81256278
20824862
92076247
23617017
98749497
43895648
60270405
90666636
94233927
25698605
47451351
64494846
97305404
68501069
71098589
32687765
91114283
30048464
40246683
62235018
24706274
99334690
55283703
95872255
57728573
22999124
91898127
24760712
41231443
87665912
26924866
36729392
56591323
16666158
29618720
98939836
26155742
39359879
49880631
37389544
18992944
35773639
76944090
25417856
75450213
58812116
30713701
41860224
79644469
91292096
33235982
21415637
14747595
58609911
68140254
29061580
45592715
46033674
19933253
78333999
28271513
59007838
37918619
36191345
40471248
48647058
17695122
48289654
10158779
21487747
10014200
24873447
80430561
89915882
74601071
41418967
24227065
44231228
88073770
64589238
86265115
59496019
72514628
32303375
87142265
55618444
79132296
45778908
21156648
38298473
88264651
89664534
29894780
86877440
23258704
31749039
19092439
73983003
26611670
34052020
24637855
43355467
16005499
56530076
35687523
85380127
15912808
68505562
40391671
60386590
99058185
77217968
23587436
64840875
83554407
87057786
61357377
68031690
29521399
88723164
14523212
56725504
61523151
58555310
72143335
90598678
20888662
37419468
13876403
11260134
70936431
33906083
88674455
33308530
59978281
57787144
96926933
53320352
82807479
50684142
65997053
66313269
52364080
24180042
39478835
78931235
64574045
30888639
51805843
59698927
88117296
83115286
75956644
10295400
68589180
62967918
96544767
61952158
55014850
18469255
82742319
10193153
26441188
14386955
88305019
56491856
99442098
58806598
83184078
53024040
71268084
70276158
12090297
13382199
64534037
98053353
26942967
83005076
75743549
22834680
90280056
59358011
38304082
30562480
57897496
29224033
12703084
59952913
48057864
69751333
19185921
73686257
72066537
71398777
55267813
60793077
67927841
66012276
60534852
77989309
58883768
30431494
74640248
55060691
53746163
83848218
50409044
38682268
91719750
45896930
52091695
78644293
55674021
30461283
17997265
63453373
75142698
42915608
91089046
61596673
68426266
60665237
27219148
94626086
23501477
42467791
31222134
31760690
26689047
77726392
92091032
25839435
22947061
61835762
71942290
17081688
57373916
40225640
88942502
90604036
59143545
87550528
14239508
34151787
92288999
99879931
85605954
61787601
84828721
49197701
32685009
43888057
70830585
80808391
83814130
83493153
48554436
47249526
96790860
31067273
76189310
73928335
71978291
98197380
64568420
50006344
84420159
75879154
55992642
40729296
85311510
39616784
74151778
51362882
79257409
19738137
27071329
32428800
99437517
91947777
54935027
16604410
24638661
91384296
14945365
41504351
97996147
24333724
53862274
26422409
36325501
87280037
17358787
59796367
53508858
55623712
30464656
91663143
37214234
41304549
89538959
16008936
95042361
95174192
68322624
93508057
95347918
99552484
42500302
74283059
37761749
88275672
80336463
58799164
94081417
87443930
40863986
65132317
84033114
24630230
30297825
97559973
67763630
84113375
46599453
59029858
81590739
69506878
69392773
74278495
59620230
76710585
14667298
