5000 2792
1361
89238639
21898644223647022
932383423
218
788111
969180609630350083
798691457458321498
3811475324090079
15350
174057181360653674
134846792998332554
26907518564373
95831476
81592
6441949970890
4543754004
3271
5815512413
16
419264151
5
20233883051642235
2857
417174750082419
592
36835818799354
3046086770344853979
314751642568596942
55300984410755429
9677718649
486
18254031816696422
6417215583324342031
828133
543450532828
17771605503291412
27713
35194
465297435609
27
91877563987710290
59504283985
8
3069722850
56144477936462
5199255
178171401
5403077237784223991
6
8214737104
47766
9535922160306
329361375157
5256921025687
5
351
4561666997
956934
85755811610215
7282180066424921575
7043708828373
316554916293882
5630532421
64049
4
20988
4753176581360020
841502434
795958015
916876369037077396
23444683
45982483804010
7326
9569366
1040086325420486154
5713791972
3252672394006
80
35964492763776916
1262885327985070
1185532727819603194
38981567
96829
14681312
104113089
27413824
63
718771
6719498033
573423921285793
77200407147
3268
87074074679539
666396225933
4570805421672291
806718
116765
71350
8343
9467
619593475738846
828824
24606
496995360135957724
452
44955659639
1
9602337739
4986203744609
72
24529
49583042611218
1790038105944928750
5878279612
892054814353155
9
6617786305816404
456450687407890185
71997707174345031
325768496177658
894282667552
721090
79788844
425
14
47084086
93317779
9512
5457801953426
51988802306066968
325652830
12709752246
4559371
98227
532
259
62478782031068
3423590
1
5788958982735792
263
89124505531
8
9408
362866365261
8573970
929750456155401
178339213
88524617
8855076710512
660136648818197
4119025402903
6612237031584
3148460413138622
1810008702636
3196137558
2370900209
27
86717035341723926
485020474
744922600006
449922430726
17
5
433821
17236390315912935
389205
24
5021685917
3275026
9017965424556170647
72
39
953406
67988963382747196
92558154
64145438721
20647358312
2
22981917866506431
228657
907
813
883
94317872544170021
46693
151335202701701118
3384942
3405423866171
58
80026429
9677072720
867
18707171466324167
986895
4706550908777884
96764002856483976
335696573944049
786744
3178
3379381
4274783713
620041949
6846774223
2261
8404957709
87276920
71903948
87127605
212242
7265169822499488
1911134441777539000
5934830
2841551
682479304899453963
933458770
8992783528
854082900247
79839733443
36554
7468712564233195
76572558741340028
50
8835538997009085
492169081313487
679
22244454891912
4652867640871784
5452
19569130
502
2906428
200443
59109953112617
2
4200515856391350
99827172321733068
37484492744
947
2965135849267760191
831
9461511415
323110
4086
9827065779120490342
226442126816371
9507757489912675
797640520843118050
230687806725812
97
481936308030
45863021664
6
810017842988741558
5364387329037236
4953
314125612
803641044700453
981038144109
7486
145078563964
398
7337692808317
75334647
453566
5
2433932631931310577
746
1328717012786652
71873
267131705709
9187769382278161
49144828602
98563284
9
417982935392151217
398519121426480
5558457
92391318
716760044338
9551408994941516230
30776682702779735
635385706064816
87323725894218075
796728521198433
7326086794060
63889
52
422099
3731916
465141683311
266256051069375531
203396511073544331
648
13886348366
35167469764900
54266251701
8774
1084280546518763978
2211795
689754419837729511
45
414
725
39578111710
8986792530684538
6300692031
5314679122
29137470910644886
1594373146657780762
74702063728
3980009983101361
2823568
696
921248272493892536
7149292920634
104
57848209180
10335270285897773
8390
6208707404871253991
34
7
43292444528
28575631870008
4971940009010
51786617202056762
83291133
272332925122
3
9
520288883
365716
3172
5749490148684456253
1963117640762576367
44451734526292686
742
51706
272583512080
49129523738087353
2859323227717
92261
4887691027983
39496870188007369
47417554
23481765396
139169934716
569069326421
6698562901693997020
41713162477384062
84182809842063116
2
9179364000
7975569057137673209
22376
2490
9216550605453888
937924
81
17
5097741028
41513
50759
2185308365739
603158155634461573
860730297497800
96331938068518551
367357
24848150709
1982069315
7756693
8641325365933
96722307762587
1094129
4
8477577572612
60
15806828131643276
5999942411026241683
291015
139073
6
432336187355390
75927
3987500018604
61
655329664
435097374142160536
89
9100
7874570247
3073427381
526293855169
697
21
7984343706
60
5098879731651322
50760295693288285
35446738987959099
2934
889913
60356368
998678143772
18901128
248586
5717
7289844121846
95741
985151
75
91353574452181
1260007
553641553531778105
6204
12154178884
923310915341711
241182610401660381
7968288966
81
2755085030476818
153092587599500
271
6
1107830521
1766980317
771730
362816402847940
1586652498219
6740
68166
66389994
69
68330942762546533
46314492264
9388761389115263
589839708
284822480320
744
9203577551557361869
987363829816588862
2314947743
923511
1605
8246298411197471143
635298570161803
718710593
216105092997037
818210860347
5007647500229
872
9157608
51873
75067696041
271434637
3009877454
73192
30
3362140213304264
424739874968517380
4
687585114
33490217842
97
356952347
297
6
4335088587395418603
8226780012542682523
5029621858993329245
7855750
11201
24
43913793420330
5996626642313
5866969863839162881
542405
712884727379
7580867683
3466059582518954
52047933
717434334921409
8748325136870
34966587847129
5589671
162023
167047967
576
4724250406519
269583
88888
872277103779
8412080
566824036753103337
2959208596
7703320912186870885
99698767111310366
733
581
81206267911559
6395174284249467052
43983126678895
9229504
6885
5573031
2933
82090077826
58199550645465183
6824850698842418146
223524218302234
9524961
779960519841998655
41893
6717814712
487235160726356
62358831
3379403785
80100849613134
5451488
11524178833016
52
3371028362
1235258759890490524
46108954675348650
790548
149547416031
673
23648609277930
931141
79
4800036
82503475389
3950960514828426
3152387669304319
13
629831549935
386792
51556
711767626088294
6120619177
1910673513039
1475226
3788
370
563969217991
926983980233568363
87226064906221
2188
2973612640047
568172
868977
12
401334436410
2
72356863022314
2877974271
633358915373
884200204802046866
70629184871
846589525140145635
1247888229473
4
6511153580
66112116715811
6365393176413
189454575088717777
122465
658869141
37218538
5017470478229
1077
102040375803692
2484406215
74
206
43107
192678871
267011
209518
379558008612
710637769
6940
8
492308162082025
423403010283
772954088544966215
18863544
449339656548526
6130073325506829
6228
54
9127780170
868063094881791305
52451511836236528
40
6845971
11
536735
968912938450892
515368634495
98274462366
5728646296577750
50579215182
31592
54571
29531262411
9813729589706102
6011669289266241931
991833831
6471192088425
75431
2896053752732
524677728112361054
3950290802182
26422610695411699
726306226
258237172451
716333
9836919800964193347
43588
7353
1588152024917633282
6088245346693334414
20203190312262296
766284879766963
9345722684654305155
6097212474160
96724364533
1935
11
57885
373
701217886780
4227718
8767045517691
5631
2133218370115435
30820
62368619227
61665432322944578
7638911971872267925
649757
79951
741237885
73463776055065
7530832576
3072
2354754747
330011
9218226781924
8168096556
9884
870077265929434
90
113498442305
9300
2924630139403
7970
8
7054207868144484
4382768
711590
4
249077214405483676
65285849093264
65397871276
89187861
61199
3544593
4222206105276
9598699065979687005
4777
6225
188214101670813
8970477787614212
1586964
81769374
4806415917
78768753292748
748915629372832
6322243240230743
6081330739
98251108389
360739
87228835861216
657482005536913
924579159051283745
4665169880711397264
8283427301
948
493960804480525320
912730
198127265854
8301027935
525676328
6724138456483450676
5964902
737713295495199571
37484006523179
569343877878192
363881304
61606990312154613
164543259340031269
8714
7282183
452337006364472
18494
2684969389928
1825795512238
9
648668034
659
9540594704801
843325519465840349
163234389610314
8504
2
238621340
8
3963198662863687
5
167266
234
996826893868
79262
42134493
5330861330959506
817791499717519
6161449903753
20994575503285198
57635
64412767
3998682517608068
504059897307955563
9363372973563613
9206
462869
92275
3
1005734
776202
66488382130251
52363241241987895
1
7827607466373142
689504367
5919695
330659302
70774
492234303
28747214064
11627
86479655271
276290
235429096
54
24
43832108298114
6256127022
29825981747246325
87924485270
200
88575
32
94
6456777465
47832808126603
934239817954621319
2127
32596461040
94484875789
8031573776899564997
783364021
70840365
561340430729938676
98889
67384826544
7303659388100
2120
8407472644129774
7896
91022885
49683424218
830
84061309227061
406942456892447699
6381
78593644129
4332679417929406437
2734520103782
5258
8
34810197559799
783388180794149736
8
6271509
24816068414931
86436991187732
17
617702028
147915
1847897395771059
77946
51729898
979213158
1874686675604553003
943221
1251
130
23174
408683
659516206675
44779169
2912
37251626
4532020682370
8436416103
8125
7623070989265353411
5
4512
5842707527145462
42648690
966522494682580
5953
90569
353
2654820
9934159487497
6136057842510486
1
193857321327616404
214390853467
949
8402035
970461751183
653743740003
4538
22
46118955656471655
891272483410930365
901021
108652167
428213342213769519
964689912426143
4789661
345975
54
296495279337296
5
236257203
82364
6
8070519
6442745140564954
57520224654733447
13538988002
904874962709016972
2135169082
9340
77
14959491974792
940
7
83727984756314949
79687982
29023358781321808
214
488227760830
6246402312
98
222910
202
234023820251920149
4605870434670
3932374334024
9889
3577362186
7597165
7985564124175
4518998779486359159
3375
267943409862333830
90
31356588345005
68671241702634784
674583563372022
9431581168906173813
24041800964
6114669629460
43
790866051056553370
75057942
75918685979780613
69360612887813135
46
963537776946329757
21942717322463601
9327
6509928547458
746375410344002659
5472655855623674
447233850317532
24268112
9038173360634
1073
5191034113386768
47066857273743
242441316
703679027393411249
76
285269033910577702
8
720
11665
59452769058027
61950
499
6
108348203
7006364
16965890
690443476290699
1624669
2894915358
250
122266223561263454
903225652205144834
848537512449403458
341436360846664
3160652
4694
939092048487
653
135477543579682130
816
6322679752
2790240802697014
580667422
455257090236
4506
2471862382103778313
538461770975574
886916946248550
33830360034469
306420392593
30465793247212
24200657776
9327751830204
88152143268645
4546166505
20654078
931152633623910
4915564
9133038
548497309154782007
88541599
4362556647802072851
15588177231032
99657908941321
9913
77380604721
173658
23380328732686277
1761367083
2903702675853676
30926228543
8961
5177729095573875
7436491429759217
1324533513913
9219
44
263814731856
7
55138506386
79975108933851
99181996583464519
4064967869
58763621291
821252816
846
5
30095491
42752045
9137656758715
628
23384345
380089562312937629
2161
658691431
6183154341608
8
26851
3118214057
525268365372052
2793222238883
224546
4424252
6756
13135988197
22053016
227381
8985725025
1216936869428
853862689037487
3306
162534226065
70711
82340472522847111
97185068498726
9232
72553725
510838460893119120
2584
307468351197292798
8061
74
191
9023540617245763600
55572893
3190514714055
3535975909533657536
13508315379
16576
37
65257678774440387
83693
8935854498421913288
46409769
351375264219
507591919511913954
9320118916324247217
1894441389757076
45
76675
99432039918028600
3751779947178226622
68052
4206297444088499
71526082705602
11863241005141129
860
23917156
1283
182989704513
3815999
640888560426538
3226020
10006215590668
8356291505
736315031086
72333476831937
506001959963418083
8876927
7183375741814900
15586427645765
6379049792601
8112
5865313709083
6232134923545768362
92
499046956
20901358
8848425180365997
7421909
81760995
51808579784
75145333
1723266487592242
919159883978037
5610493360
5
688395901
985676846247192
775
8933265747437
82062067970865
10219962
4259437350525571
84278477302
5
56340459518580
4360605586687732787
45154306153
931722382674
1055657140041492
2931
5202768
6542
6780138860282
30413587748
9
7692184803597
9241507
96704966
2522670657
222974724799557
51705
3890837892890
7090
78
41661902604107
4769836
8682867
5731
6
34372
58379813377332
7438154228
2170227964277
92870737486
115251468677531577
731308349986545086
606375721086
9960861
651040931
7322079733
52
516022506052654515
371
2256061741012306533
871407112
1
70041
404220549
6006861
200699932968
346406
226
264341361
84
4403543521463174119
404
58569
7353676
661453914208293474
55459
43850676165274687
3004529
58
614427
961882003377581
3625772236328
9098470081432774
273519163308886
4209646
9360
380197898730580886
1
3751155
65639143
94
449
900597653030028167
55035976
3115964
802689030
38797
23869230253459234
29522662735
217390248762210
5625048883756120761
728863
485107717
32155467048403295
79723819927090
8014
107200328289
83415214
203041176457989351
546721532857
378308410959
9070562
21454889244004
9287666255720083
22474712505089
3027114595467006242
564399379182949451
79052471297128940
4046233
85562702709507073
26425431437405
6887533592840151
529314468670066
9579751285237294908
97570800
1736037317862
68094351124457
678326181774
6
2704557
162055935399458456
2908
68068
76354645319027389
556550581676247582
971562699175
9878408
383
464837763371136
1543180819635363
33243868970
50710648481353171
770446175289685089
43083256852
35452959
4
802827447139828
175548978848
9557
69143
557280603570428717
3
845106
293384015492238320
28265789778
5625
908629647830339623
8335820
42952911900144
37748815124
88106383128602
84244915460260278
3676
442555
157
678632811222575750
4
235
529290389902475954
92630528202054
61524
4326315
1159807460384968
6381016199259
53
725173
92675194510
5877257
379
652867891134344053
6007710154050866
36035807569
155402
643538744553
41
5103050017430
745274
328998193698250811
933861824270481
4821738429
71577868893889433
35097402945579129
9837961592
72
91370
9922690234063685
78116678
26263127
513852795724
9440295
65
397650525918901364
28916534588933
179414441502492231
943327235
7447527
368
202082256362397071
86694265162
620380935
904531896552380522
2187471
3641603236701563
511111
620330097590709923
89
6710838
5747205422764595579
51245772533346
4219537
5376246
1374127881997
38
314711
337132285
9796832
981020456
8
80572541027399465
285
193
1
9502934115
6632
229442846854
3778596
2515782722648
5264045693750427494
58415
3526557736
889600365324394551
51
588112647552754
4852908
698242
56480473402391730
8985903151811
7
366862351414
33
2642419190
440692929187
650192517391816
3967101457
124984478
4263499998134074956
7
32440693
50226368212841
61005674755529575
4
6093910660712995
68543909
433643536
44338458282
20282221
37110624730984
89498200
986533604116238
595235710204201
589434
536
9276
35477465660558
6243
8338
65322720121282
692120234385509841
2528074089889569003
105460084383459
16370
2516853559223065637
47623843027355054
68285
8138749689560
6693744487
55892769522517
8694
380
29768
506
16869593971058772
279483502
2
60939192013524504
49275032
758
215277192186989334
93610353
887
785397017361489138
5205308706570367860
1093369
2904929391838
5965
748098858080536
436744
80028970123512643
81481280328084316
733070889190
450228
6843283203298
507102278126891690
45
144536963443228
7
106237512942376616
3622308507786605
71
5115
791641566
11
9079290
6553824482820
3069278327
56988284
78353335275504
11797823431
65844136062406568
86608885240
5853983900122294861
87
3951946138442882
7608191
30551697
4914
6886517346724109297
4
16762470981696547
1766804716789654914
3873
7
90743954705
9954306338
64583924
2347010816788271715
5788405040642911055
564361843
260024977664342423
3738570930
766992
6785
3696192967940528353
7977057073860098925
7751038453406539
66478788365363
859916
5167417
9683549162
4993499
75156
1435844476138551274
7858957611
5092593461127
92563
17036273701
5798018261882785983
368841244661721963
361604
701148248781233
81
3557839044044530949
586489366213265379
8658157241
5150386578070602
185207147667204
92425
1286967141
403922733731
433848858316884960
9472245647
16061
68954507660111217
720085151316631
259861114762
2729817874
51074053546
3474
4
702001695677586
8702
1408319908306070
841762234671472582
33972381066702968
7225
73042257093676653
90
906302988
641574372
8221
68573907300
95480303355802
238877430
42156972654658292
69057788279067
796213579966
1677498354373
56391
690656
8168892
791
561047689669
3388860631
1737727342491148641
321539024809651
7827041330
1950447246280900672
66905
32423248534
435940183
82041825854534597
69350685
3769609134
534589629471
765246284744121626
9338415128
886953
926588841058145
98362701923170549
701551740173
6731920
58880804302241
4705485037
1318
25891508089
205122955
7671736295
574929755011
51668133144
27326486
72274564898290
685286976156310
8742893508
976175848
8
500972552685053930
16
462673833
5
324143212933
150133803080592
85784
8946692886139119
55893086504480
6349
183
67892700
278372628328555
9218506071
6971193385842962019
511110
8890817582704
82326574660700
303048771
381280940
369660449422421
56570
48
104953160
97376239827314
645861
91627714
3184224
1433624704
4805876156
8139
1972834110
9703
7723465165275869
825820281954305499
15090405364171
7102732499079215033
16678664
22573656349737482
8758947
53828115638198131
21
92
975395560561
241
2756532
241
28401219299181857
8243563781460980
584789899181
869843036
693413829792206
775966226931456138
72767801562212238
928850429
56162
150728016057927883
14804039434596
189
212840664
7821113216779328
91
777
8549427863606005504
56449173129848
141734501531858
4
266783878
586
672003190
68544
7
3833049099
59200868534377
6184210881222
303828675047656
9950
29269532627458195
1693882771819580
46183731846600
216356687501941
791289215397
876
541
16017
956497402639388
63861803936238
637858
939499
707
76800655937898317
58314042809235
929583578
102634776
89
68
5811778209740
585659
1610470
9514031316724096
898450
334244245889729
2544818706476521
935295188
492068
713599069061
23501888849
569036375
218854256391086
2540849353789321527
12501713363639
8288301396059526648
666252784264
39424551
97187
62
79754710
37597867685
99108
7
633362722
1584054
6113456413119248812
30733179491520064
9081
4833915803
755213
482966656155
231571
162078060406522096
953
1938937
4032726490
40391
9917509146422685
6747
5426598954039
58350365787933013
90751054
88142
4968926384835196679
5433412782
20548695
4331
127381455352293640
1151809
21702468556
735205020
379356528
49936995907343429
238840466698
2815766202335607
5824647518224262
91400906008
580
6
7130564
87892198977
41743148142
88078036986662176
9382019818567
4671351706342
4347
9294097554
66475391
967298704251934
47
40288
905
1736080173685
385137119419233
7569310455417275
14145177397187590
891337358498163063
525757494316981929
4059430604048
3759872623
17416331047241878
77599995
382728289873277
77229831671988
44266822561
687
84608208897748
80380573236343279
886273021406676
62615912608824060
9774869581711953407
578368429050070436
207326490582039855
1979632695
40372817400884
4080202946
1283
244
17243
63740
2381466757480
16
97595994574
9490825
1446522840173451621
92920631
1604241
3
640618549
83268442
1069039628838326372
986769263656
79414473437750
99699946281594901
24
2082869886547522
1447177001969
878932374358
425058840796566
7383799
71754448979
526327336458610
68257590
15831470
29777196136353
39415457107
4940567848416222
9290390628157146391
8792694408028
790
769260
425272556512564055
85418635
4894867034621968
6728997705130497
29045776550479300
7
2817737678
9602
3137152977629875
5226034125
3451935
8039113003557
5950234
4304812150839
1116742
31395395323778
3372625660534
7470515647129693104
259208255224299
533747380
3296160971529570546
47553716136521350
198952
56289754294
186159
678235891819824
99908
440356653464819
2873489
572039242452032356
32120855009
66
486
30
5315234829769531734
63435918
740
6567228489960146401
2317403091
81
7792982
24503803416491859
8137926623317331658
4
52551423
7114
79334554916809163
4250357831391
90239136648
61616152802
52587
818897
11341505598259
5403766489224458125
707956969
3138136681451839
9600249428
161378688
8582729534666380
151961
461050521850717514
827675992157971483
203009897
7635298721793454931
43333634765778
1839254425416
566759014657
480641751
7804811141969432299
635617335490
1470182889
629409732982273840
1787
783
1641
5383572663185467
778764476813139
696437855872309
70345
427374216
85
98963580438
62637086044
64858777571136240
559524508
4485759957884
384747495010413
246
761
273
62
3060
504
44208883857310
1684
707662309245
52547717295
78
8874
18427
73638595739451737
9627410423621161141
49721351
95329937898737
93453708475445
46763415994240503
185112882606798176
447
952485068346079
36512324582623605
46913767
92
85620017472557384
9876110338
40807591103
770123114369548
98875867
6157219964595
36352846035
5
803
12
509504165006279425
330642
924
534660103222
1
6
882518597186
7
242834079491372623
55
8847018611
3471555082
8210803409
90297550037
566
7588559118386094
36
583316037
1467223144929782
74136
2129943022891255
24935680
311715034648832011
91
90200368686043
92625
10514288575
8
4315440
5
862813514709318078
836572470671551
63608131771
897248240229
254100
82758603544
900891
791898939107234864
110
3316489149
8316531
6843593922187362
421
694498859
354
542151
15156978409656746
81320988018822
80939
211313545333
533066736906
33485333395971309
72020811966255
6060671
3526307319444898
879342686476693
9514876314216534
99570027106
86318
8
2
2532214838
949290850828864467
63
418
69098405588484
2040660063
1624753663
82719235984
16804637
953453535663487
103836430
3058874433605
400466648157001450
608726
2569508086072
49
6843337032937
92046998125606
47993837766736805
107
71923603
224
1
8848240544972228
44649438879657
436
62452923019079406
401793120525149
29733523
70538614649373714
133060354640470061
33
1731085
8970823315
442323672164591
3246793391407
834263677194971
3332338029
59284
484654
716443508
58247602482048562
8861268698
37120
86062487182919
4774465570
4463752506052505881
2837155287459
661661502012723751
538
2564443892016773
119
110
906
9157075
892912
231
9963098696473
1121842890554
75737925512
7699629577917
522216494144976
88053628159
57
3780
47062836170183
8
591013423142887
78038
849079974496195416
293
76955124874
469395896498985
7
7358971938257604
9623377
180709265951975
539
29509418
9025312434484058082
57289756233
692196476781
76
33030826365786393
29
984133237217310
70
7704430934729069572
17766993
927571
159
44
1
28362
98320827
2865073905482266027
60612298552972397
71667517876547
9910078585
1
5167818933
77
3041643205273
212621133
97266783885949478
15
8730675379929390
6433
562718628192064
6200526
458512
189462603959
687
95
84333
6911658519815546
6473378363412102693
230194699
17899971
65900029637197630
41223248615873
1618316158042915032
67667192776852
7793470464288
1834616126712593572
204
654569919653829446
14634950
42993380
73
184598941555
7
643593
43327583783
7
111449851874219108
545
626
14
292
1
379743751789973852
4988805653378
2836417476735388665
21928956646
64574623897766349
3
5507
7483528307299
34814726191837958
3712639884
53
93372
38911007751052
93945970517
541756542830350
249053625723465
8912525312044
16920
274
804865137
672384183365919
378979949468276
626099730571
1
6298100477162671162
9262756811238114520
243647545754
1407109278833850
7040309737300502393
45149
192626016492620851
194664551113442978
7691842955970717374
985340235415868343
67
795778771981
5992
513309
6765
9
962
84607228578095954
3652
90
79520
10926731511642
6379399682601322882
52835
44693863866577
2
63158990
99765
158534659
5506177
51454184
49466
9104686449975346044
82905883787
2302698955420697886
45490
3661553165429217011
29702439195077093
47
62179986459060742
706348030169604
92
1042454371451
55101421085
12
1884297154172
85863221578
2932896669
877608059270
9631
34627
6068363352998413717
306650
12336449
644818026909
76817565676985712
7873
82331
6092041920269513
86156745
45550
353
131615759180
938900740
3633
4967666306548179
1835
96577050641643
48462
7807560398201366841
4608105459
984
522338825
54580
952526989
89875
18912915
9378543493062
1616786264
197
2109039213161946
7097091906
94493457333458036
7
243
3905
945951878
189393
1851542269
54942
81132458912992
164628102933936832
41540231805301
1
927676049
47151
76620295
52197
546303835158767
70390
4602860
350780211138755811
68367174009173
7028359025
1439132683459343
7538003799
2
883506978120
265104
773797
108429612317166
6975209421771943
23612484102885227
78930289
13248
94967585899
910688297154
7462444
3581916711225847465
500981981664
6498054730620
129
94665032049
983090755973352777
4741335169701412808
29
7960909
54654783061
8112201055
81231023993784041
360
3788043147410803
407101
5289091426
92808638988153034
17818326873638870
8346
23066699447602
76417920471123564
79662570583029818
8
47526043143906948
661930350
733127184818327894
95603231419
74806
1905928812
509789694676
8465126
924032183952
605278676077930
19100
38270666571531941
857860
4706591044206
475127010
3626178
77766446
3607784152424326
97344971701563789
1849082224
28
1053125319
862931333828
669
770654
774054114611231
51279707790
1287595
9
4827617426
269416339270248825
3
47
9146243795768
4324
27797412
95309
84421831624566442
67225823326949643
8865726880
18321521230777200
611
6571281318094
9
4474892551001
291608757
379964657
58376723421668
2937891276910731
9941080059757164
231062573923149393
745182
60617532298341033
43
26995
3013521915
939215732218686892
2739145726135551650
84548
8171547305543
6102385154
772489153011056
1366928
6
8340
5870157720461608363
3222351516075
14393478
1692730465088429
3911496182010338771
5713397975561
3371334386069820358
165831917
2
4075
2116594
2889784936284205169
8659105792774
6838179936
3288302
477068755345259
8361919
8297015070960061965
69899
9061
6163
1340
48235730216695190
66111928
92321
23
2972320382397751
96056
36126766
5177
8941489
91171877326
81489520377
519771582035
6543018224467881
699843527983031977
532962453
692605551654
18526238593394
82814367181330
8801995184662742326
3219844453
44
8670165670936056
4184828872680268
64
3890820
983722838
8066261733
783507
766881
9089623
9122122738266
59906
828380477803
367601
4589571516
684998297892
44922197760
1780286812
351767356113
812108
1306925
18672149009362668
182140394
795347914200532
288775296275170
855736021042228
8329625039
6331906372853
14
557728016720
5877
456211042147603
7163563686020790710
2900576538
131
322546213807578
754563518166
726827
298858
7953170652989
9
92854
932412888070773
446218243762264432
65298
2359714505790352583
31573968
4636359
865311995
588939008284282777
7495
2957068550814
3
4029064
84747331
647172716803
864755316
313363211390
2192490422
646591013643
3957
789740499
48713969696578
2
472721378939
5659
191953636
6
7500292796
77
466
709
7091
824100384178318
2262263338884292
23
14421855160714744
4252854571025
109
64380615078
9526052845865390
91109744310
930423028
434181698920668
1129096773104143
96060865666161
821
8112
254
7821
233786864904701280
5285159698404235
661987
955
8
216
9677
7750252796323078346
279224531681476
2585707102770031
87677613
675384
6258486113
20582
1709619550124361
767
324131756597
8591
7
8448226083981500
8462651682
3878952670497453
5835218384896174624
42282049
2619954213082831
49188
9253268136
229723
4233077585
614953
5324483
49055698058340
5
428881150490563
397301503
363605827843330
8345263
3603541735305
184178
59413976331984
26344
6
590
3265538833966712
863
1658565511
6813364513186414
33168331
11435696066842
8675
27
200350820174062
438857
48
956869713
559742985678594
52567862
733064680826436
62577076
83186231040
86965398781614
3263011622
342023247668350
118816626602384
5434730344416681
6055981
78409940505198801
83884441439881852
6758603497540012159
2607605
876017327090573254
5907453
27849
47601747901
586651
8358630
4021478836
7
3433
2148088
19266704187823806
7
24062147921675
5158772525814883
67
40752375749271784
836259582601
70247300137150
3065
457329555
469746
5
3
49116060866
515286
14967
66
4816860667720
159910997212
6069330873947314253
3089455171666543656
650183092559600771
8053429358555
65
8941
3899919447
563720
8548072
920
2628645
191721459477000
86575243242178006
247573
5680749993777007
466351655688565026
21633743416519
94373291252339
42746715764631
92927244
7336
714
72779043
474
1489
31368
54268454100420
35965858
23484441910
1939141125403
30847899999
5188
972226511525
8779989
462060110202478
14988334
4713748209974
4
82
9354354
1720867
6
23923188885
73373794977
5482
234035102
827
7034597671674582
93808873757333
3854413233298
426149599104596
3832
18
8801
7100668153283454034
811171654749422994
45939933182
685231066442646
8
6435663057
677992377207
22690340724
189814
60490873773
490140555935
964
197901226844774
9541572388300963808
2395608
64
9347633907456743
660948902341
598345664542400
5611526884
193511202500459
4360823586
19
7765440456954
413853701596
3940
321561
4439
25735849283505097
208
1
226
797126012
743
777179825
555775367995
2374609449182
5379487883
76988375648842605
630
56609629568
720258
47513
15684613172493
410456321
5123580
5122995503745769
80207755258622
66
13166
4104562
7
29981
81112
9627938541652
9813535923827
3546
73724
9695
144628006153886
994035646741842146
813002030466
2887332646
63386879503
8345
1815771724998
5440600835456936
541589045081
17549476366
8367943584175653456
201723164
6
592748
221625693594652933
6029
85465858
993380401146196
6235642426020627159
961776552
76667
9424
92372
61909
27318074756
12576580
33320036971
26
1057421845201490708
85925
851441409762945
30441066
680842163300
8181604432247727592
405895903
36
102753242572617
8997
7246581856022164359
900511
375
5803343
5587271226516
650372767236418126
9
5683
26976649
6447142670764929
219698148
6
714
26702685
12
447931785
752905635391
27215
643
9
4929364834942
2254760789
9
3016915189561423521
5558833
30118121
406707980193
1510913250988792
88065308
1
8175224041465762
9033429820
60389
5503333794
46
8306970696961968491
6219207296664
5000288322534927055
379748839553785473
93904928
835425840
657128332580672692
8826763906215569345
43662
982835
23784578905
379378252039
18683189916107926
66
688435065187011
309511779514214
103
935835200624610
8843384
95733
12991
563
3
22
203658820720
543467740815053
18
48840609
485842681
6765054768655162
6215182
9490137773469549676
1
208
361772514537
974938
981723
329
66828074107492519
7310104033683939615
85465231
7394892902
92060280629231314
12
2
7359617
478707235894673057
113719755
7555
5
5516130
3173006531349318960
435
29
99
443224945093
571813055050
9249897
3568806319395903
7808
35945172
806126157
61880190
204193260
813021995274
802403
23
83947907921052
629924639170582
5643748677941
5
3584545588026676412
1208452659922209
2761382
44
288295472076994900
5155719498308863317
242735645562
193405563647
671307136
8
26459155727643
9770966390
24996822910
287690409384572167
77136162798916934
1179369933471282265
6794951566348524
6466007374116273
2689617
8241773878763260
5
56815820
391
788308591
991426
93
960803000681
48226747957
9443
282464665403705
642860
9731
97243645
9208561056495314923
957807459481
489828190
877
8627
8900469357
7561743436556084
975
57013469413497
8
924455
601327576
94
158637489860152
41017
737868806606927572
16290748596
7872600429
82376
534780760565
4149262008650
640839459449524374
7936866877651
3
28355095
6
11813032884006433
54400981581846
7853
649105210293026
959
6079964847122061112
45816165526939
41417762867
4393334
7280823345365
66642842737
42514783431
3253719640877410
67643
12
34469748254063
676336740642
82632083
72657458
1357
99
10080
108852738296208165
803485267
73801
3684
68407164307620508
621275986
1331419416693
6488456377052
24601917078944
6062348483
980625388803
82097
35862538862
8521
40876515
3909374480189421
4899446632
54646474143
476096625
492340220
692556745641
10055
63
650893974650
145189152289
812647
543
8072725476125
6754166879
7258111115313942
7
87597992554654925
95
2596050008
35736226183984
22457742
66318424180
2146022
869184
788959739323
147178821632
459172149071380045
9470069709
1250996590380
57626398483
539824
466535101934438
367722316
893934
855624908469379
6096947465
738136
7929506577269
20769860949
8313880004056844
41337879848484
8103370681306261641
9994824958588326900
9044743555450940
2189609
9
349391783302947
29505310247194988
46893647880195
32819247855
4913407
86845522972705
2719403520
455054152544
59990003
334190
689139524
8935239274305639
1243966583405
7681345
293854595878468103
759064
5848288772160374
8450361905341
22290778523663
12
859979776521622641
2361
8180530235909997
80583390
7713
707781291122
53766183172
737
1391152629987600696
54
999849979989507
94315998694199
721753
498901009936931
8676749
1518
773870
913721105724862
496020262898766240
47931690225
496040793971883324
8233
5829582675
8015594
58360
3
7606268761
74458029269448236
7004637500566042
4549338968445836
975626531703
4794801155911
1023
160536679227930023
535910312178953
145528289445895
1412215667721
29553717793975296
3550884789299
69420
7560423757472812057
8
33296625172
8666
8694645653
765612271
1539153013019768
751476888352
801
73546919223952673
98421950720
2254812095813078
521832974010508
29
3708
7
133429994535
90664204509143615
64745877101
90692889137
831867349
93
9161151470588185
419312
5357511869408586472
6007091235
8312631335136
31517
28
939235090476
47500
1331189
1504867172498534
900110620485529
24474474497016852
171211300559
9
626064972680
5
422
90807992739
7323
18192425579828
591724918271
43
675822508
73579310288848
6159
529554696
470044594656
337
956
7665684
8146299156
722382867040105
6989003709669640865
8739118491963014986
9860952722266
57542740385932
8246740031523
598223899930447
2952314239150
58524
893
5850039
876016034072418634
97360155961081
581969194374310276
58785264440258211
98156
9
492047314265623936
558581345726991846
7604
54
27346877
343400607260300062
535307428898
89309075688254
83737
21
92854
37327
2592921696442445
43018918
4191408
76490727950844
341
509831410004626970
70383761006146456
152477
119627816554020034
972991383847
47749735
20024491912
60239446070091410
5869884
6775
41493095520109
882040
12869702597
296217649224737
8101
7037
843820365
825080007710
4322035
94551255050942756
44222055033152
75
259570377
75955958186659286
93
80411761054083
7587456965394000
303
4487744183139392650
53
3773090257602472176
20957479240
18698106
3208508659766
705770
31918955
6825789
9798784
824996485370572
64
916890239674718
1260130592326958
78943
363057519208077
4014607584855759
6150373183
32230585577088
21456567279883
20302533
59221119
464297831315103
40050811392
51828796801094965
3533391051735885
434321
62852
4915
72541870089
2361362201497230131
49664521400
98920757365676
71512953175117
17091456267208
757445469695909
9944942907669666768
13
8268296838158305
267955035687413362
940586779228
62247175967433119
94916
427313602096
7400327655071049
90441640
22302705838882
81514480383
2403
82817029569084333
4943
15049
22790435906049317
38303080908291
3236424399282970507
4828438867468995
4213915796
8236927340506616187
33688
475555706163576
476081
9983661429978227
456206
242
1959
665326727080012265
967552583
99274102929978
54502
98865385169092
3962
1852817886540289
43918211624773
1142613129996989
621767705266
3313698463
24
24774029376057343
70671736537272111
98784294846
570423
312832633
49010
9074946085
178627000654058003
702297739932379
578774329
213
517
270164704789453568
4173497276946239197
91
5696359034104436336
49756896
74240777702
5559199875
151809069
8997080
70619542088
68
692411286149186264
69188
82688480
40597
32
3560926
495848669224672
38858
9915856194
2854447
56
4238818203
23
553
6217239449533
30934
655631821504264418
8878736227831390
96636370169
24251143808074
634245679
94519637883
1009367305547437
7589649895574286363
16
171920980077295226
91686212593321061
2944387473
40992678734803
45
6
534080
1565844323777274
30578198
4127136204727
17216091947
70655310676699
3340281585791890930
2885861
704
925817
4412346921
898
67910
2322
186815936
93325727789775
3506961667
73983998783
6109235308
25
24475431957445
5
69
207494586331816
1
79868
985848970644402247
5182
76176
54826485566232625
276747986663
1
87919334947242390
6158339663767537
7
26253245958192388
665145577798
785944702508
4062
1
5
6919535
45029889819
27041202674006
2554
74740376466178047
89318715356
29584918
42679156
76
44409018114214502
52759665
389
30090162928567
4298114900607
2
66092931
1079534913941966
919
448
65
2308962486
13212
21278437153
205216482
7490357161
797993918831
66255
4787474415833674643
7
35721803
3801925959
18157
2703890297364
6514028
2203729086
911684030770854
758717840
3194819624941182
1010004777
683718420
57166
60836529442789
3994456
6
92487
8626
697
62884019981954
26383531
8751737092182505420
3
2
936797320569
80276206127956615
9445674084228
997964270140
3950834470773542
543612364955790
4874662
499471360501487
5
456924125884523
836702300447
6900227851573
8230539641786711410
653739219055717668
33433193381039353
6380792733585900
18679893471
3
93
41167569835
4532395486103
9618240
52
41518087265859222
296
59736848583
964
1590304500012510151
90
4709169142987424551
580
5063006839206465154
5
83173229114217405
8
24468465044
281112
25667327300870
5520175795
8
951149018
442699518
76044170
831936194
67780979602993777
789862503
23929372829600
3334
9346455799
712243545786992907
609362285
928916082487
89801557698
66608776833018215
44275
886
6202592
3451256734122646
113491365344
729730614614
3521864774959329
2
50246411560
380803
797942701
616680
914981902
59596208950
22872
760756758786178119
294537
4072291
581792
3265418015268885
336379
65
72119973
4
853479759563195
45
99208355
7477989865427
27642779069611187
294610
16201918
1
92994857550411
65052501393
42
960910436
863056687831427355
452657
361
8052
23582
869877432487081
3263559
672
887569395
1449
934893232902
8336745
2231815646871
66055450
91814458733472303
975313558934229580
1873203362417275
537442343521429275
77530920
287037
47511177
97150964498408074
911103850363
492823292337632
5400583
6595329775785
459497608
371
134446521336490
44342192
97
32
757320318247313951
867975
5793
16519693956369
119233555874184
466364744
39056180
730527
691450017353333
1814795
9184760002133135996
983278584748023331
9491741
25
5678316
7044214380
6745586834235502588
3647
37910332
5757
7393925637
22974464589
5656269
8009
3
87646428632
2848127150200804
10989
31
342868734230935014
25162355692180160
7757
20148075555114
45589830976702
7
50963067311650367
5433654982501
538874972494
7332222
664446723593602739
552
740866199
77120258505216
27387
402
7
847791573101306
45370337566
9694228444431
1
7326419519
4953
47146589645453
402027370620
78507701191
972
4895439191158462
27049702508
8789
8121232643172562274
6639964187
4860401885
681438
9
10675315
89573639645710
8603738374903550486
341985443247427
2646
352795
96366582914374
891132
359705179297463601
916972609623552117
301
139970170
21762
5759774937391
6
76526349
476267538475869
914555288937727747
72112581
511962181420
5923944821
54208
3388067
38168516627421
722273113101814
56278175824840415
66204
468923253300
66401064398360978
9617060345901
99182423729617
6208513332890691
9132948044
73514668656233
1806
43219
34256140710116022
83114916552464208
8991660115755908
19185176884138
2151471372376193395
9205797
251112604608
810093553693
851
4923
5941422666979586
1060026732783751997
4507963920
53079682030567
4434505644919043121
350092751340667362
924542692
64227831664772999
40923
175359
555687
21247248153724
719857640559559791
7603179948798
33717560056
64974395033913104
80143
602634149940378
82762289284030
63027728521
15819299
90
971
650
89226449259
16408873920713
3
97665613874445607
26
163492564354
5898841975158036
68584460331
4117836643
943
65
711813755963
718087
51831547719285533
501745289665
64286
8708927819556773597
8620399
661
9491941253
87300
727352834827810131
1269500911754
81832
7063
70903098857948744
559
861309192
88706
59305
22001475
550
756884
3202477008103
34870164596308385
20863
32
338331
447
7107068378366868
909653533285
6087230794798663410
5510451451
463242432812862881
79479950200417
930546116602352557
451
572173873595793097
91460054823978
4689073199952
76014763544
5
202988070281421054
969563395338
129190676211514614
553825081871229841
989419039
4460216785612925434
997158138855
63803353
797766
15967
44350109263944231
3625
3713
167335873
31408435
2623175
593810089
1970361
24858759954
962850
665608796104167
565065
866285831351659207
28
932263
817
6375911379721
1078710
453
892721159897233340
585
680039474206281240
95
70621052106
76980112282
206
67758864559043
665222
980389
97302
1928009
8333326684778510986
9798527467848107052
7465456770528737
4116049741515022574
597484106218768
32306959
28
82186516
2
18
5456464339471372772
37690237731608
42074
5397003
898973
1447
38715085
98908236372479
2089353602863
221220
100
7342727538629641
496351
17955519
6315913007060
8506326
670003414
7673
9263113334169
44169240441
47544
5507905990
29969
6803704789
4678
818
9605690387649132622
3
8711
323
74
9731626572782895754
8454349313
371735312148248
896008
44
86
6591902
735957032141417753
3161352606
37433641
971072264902676725
553544826803316
66
77923
2705872066807931819
42336
6
80
4109
6377782530204366
8434873526794254
7128860497280223954
87865659
33706
15881084231286104
469760963513741
7802952134725403668
6291347623
32819295795
5344387
76806251
9941706647720323
5
979
6075462
2331
401823865428
583704852053852174
896467757306074901
806968960387
59884212
9260360007312
50368683876
1402274734372736
814
4
980438402016320
1033101975
203
9060756821095
15910694663250059
163762
90648493820320
329083
758779250
9
82951204
7058213774832067316
7881139500443
3165609460685
8689
545280
3643255162429
7292421341202945
395806734596864637
874514794
352068535888179
825072
81343373434
67920
70580473
6320981
562640628177524808
67622411321
613066
439
9018938926182
92
60564787046030854
114527884728913621
894281
5109549213845
6
2170804482214
8049863755663715077
906652403808354468
5616
3403720283573
326085028280070432
6340839635571680280
824
59438075953
70257015475424
47
15708500130450
2
6840294363869652
203046302566324
46347765650871
887317387568
4633
8411285951492
27110993615893
7
1228642446617
88994257883985548
97156948450
41618
485843078483430718
7
7280
40457141761699
4401908360154
3528845101189
57
9968273760480043549
44078762
162034
767
13445244
9671665932
6
714785201197625
9
567671
307806691623986
189715479845986
477408528
30499709
363007819111
60582
6577881818457006
1173376
231
181081659
631714303
1189329
2234119755322746
781261739
3080169139121
53119692981970
18702
9878442215
184
71448964000
2408331891
536339914520
638239
7481237213688
64976667364694009
9024455923494
52476491286
838186
3754331135
274383004081618386
7
86093916754047017
3579
546
40929673
576202
4692739206
2976669374
78155398271418360
4461283927065378454
6856442466329181
754068614801789271
5301793684841739
14999490388559215
199037
9053
3114137
76
5979455031130787
48
40794090450654
15
23657104423
63435834588393
8
49647484974942
62288237239436205
96671
887
7693497960463
978911
99730
5
95800
769152
77931633574
148
54615796
9836
4
2542
321256133
3800765097302
4471568549717094773
5863140710948469
548382
976216491924
149694327964557
703120152960
59129566554648134
80941383602858920
83
8211507921
23224846875290906
9870015013886513
1685735281
8305295
672
94
85
8697
209
7387029151401155
7924308
6004181967618068766
43233
8755323
3040193813515230
910845290794
809696912498
1017
5
6084
857
5
47
60283537312600872
59
444024804320141
695483953290
29384
15
9
3100827984506728
4540684594429248
180
768711917
67972484
81966022
6059883
488418
8115840893
20580971913
906263
84503818684
40852
6230828825
8
103684
7863484574980
9992369
13851357902202
28626068
1589292616243893
5172590549176573016
70539941018205
72310188562413600
77998
906
60670612840529
1
16173811
127161962900676
222205
2600538696752
66948745
566093
7729
2334600964944
8549733018
674515712591
2758902368074
939333
893953127973
55687841
58
6009841888876713547
5135012733
6976524
358253450
3612474385263696478
7587929387105763
221971
6270422
49
3
390251538
6202131086788092962
3039664513685
40842307089283
740381842
698875895954753
91
526122090091896
231764201665
28526843903
866171086941
99426192
7
820080404
15
8758293
2499361145601551
27
7976561460
356272383708260
95
813967234479642
4633250041121962658
4239
7190
99230485037675
418163916788048
667119
5492
71372872428
1
997440070401
375
812603034767666031
744356
98698
7202391647306537848
8721944567906739501
123135816209367
313369677
2
22555832
200936
477442
3687
222107592397
4259249
18419643053
2832246966
2186956285076
8046662234700165766
83381921477
6905815266324787
478967378301579065
715685857773
905
6318764419008451872
83286
5372
77
6618799971566512
622111689
7
50300874308556
483286197904532337
2326728032252
5688581488173530
426656170363063102
21047830832647435
56328
4832947
53267470
5
8436589159429979
74
848739440391
96
7
3
79621407
34382132034069444
38730931
94873
126238
65525
6501
453
22609017246
8306561
49587792524818
6901013546295862
518683207435
457184790
2819
57738690530338221
9250
14375156
5000372829409899
47442464576251943
9107936
834351830184414795
933478
397
613537078075
752341
84889495156158374
129494660657665
212849834575017
777399081464
51857513275645
65938863689
571301
91
81700
18615565599745236
2671
590116366190
505422864
119163318331026
124518003786340669
45449957897015
4750335675989
58581093225585542
99997998612774890
442519888330529
68238621822229
23837174871385
726872825053
230
5837810363327684
596347
48728553520119
17754
45
365849264013848910
8029423
56
77415390692
74949884540716657
94
41579899767365034
9979394608515971
7
104596400575089501
9597716
40807561652803
618001333
342201173508051
92856047659132
658452636311470
38
62912
174260547646
36969511744744
3084669255984105466
3718859022392
274181
49933355147
1333770443559545
4325934442742
9060495322838
6218574903880805
61445135057
95025660744
7838509614719
6
5386133200557350644
80478275450
550632602
880597914
4834043983734
5431015
52661717
748565
96395532022657845
9784339
6670114985
6359984296
121
1062653
1303856817
2090376
565932255965178289
55522
195670
59412
4847169227352
969292
891569121637219113
86554797559848967
159530571
4528038137
772334400640406
558
59
40514574934772030
357645428324588122
59922921417
908039316471933789
1277709
1664225
58
6266456
11198974332460
5
6817799924197
2783109481
1260019
5827181837312506
994819621
7070
953362084118700
64461680035401
523359
52331670
22101
4291983994774809
8562972325
76
492528
21016263303
68229731734245066
5152519619006905
916011458127368
28236347755246762
4
72
83
70949772146650378
85659
4014039435886243798
34
196
5991
54468169650
1
8382007356880749042
73853243
302342133606
7261053350333381
46555262872
4225001678697030
13081962434288329
28166121317499234
158021
39701389335023385
4991182535792
44975320700107
20
743428
97719797973684
6941
74126
672921
18910162022138862
1312537261
43323424994845
838092
424738535849178835
394472960065
2684232960069
3947885164199501070
579800383831343699
694908687553152
6087786
815083
5483383
667860215653
8841780763
571
2780238518132
942
85875295797
104614947017
11509435548
140889
48328209
673370945962998
2774975926554866
9759718275247
6
463
9963446455
79607191526852684
9147857259430
26648113745
1913571200
3
3541
78411636660
37623
2585451004
27392819200057404
644645
223923321620050366
18009955
53964
54783472133
7251831
97
62130067261
306057110
326636734405
328736385604
26399
99818456735
80152030924268955
85307150
760489821900
674935395
329851212539
7505180
3681510019
4430208
31
4171611896871
46363
82013680334248551
670192
42
84708745703
6226823461778895621
7428302332458444215
1087852881290061
4399805919341
85755336
28194
74012848834
354889446311
5382577283304
3422207035756916
23787105510839
18241
4952588
21255142345515
755569571652813213
74
46282616383912160
17010766401
836542338647781
73846672511660
90461276179436380
9640887735449116427
77690914525
5096666070
8
8804
38150119
5756465800310639
7405
588693596920
46040305352959
9826831369292387
3846428348
531700
54749883959
82186042248
378504226
971454594
4250723370758135047
470736
19206204541517
72070999
702117
26534014
7636971
518976725133885
168110621
76322644
518969969
732
8599002878308
237228753611
271843876741
5
521675230
388649897
7221781421491119599
1
7
94675642758700202
729474994566867
120834410707156
663943039308703506
61
1620934373434
9474585882930263689
28430084032
9441
904
466400
7
6834414623004256
4953
1
58360
6521
8
989218
706799725389500649
6
44
974
774756983
41559
6533222788679403419
33097037566736
2730
145434
793
76398170091517176
9389
5668614735091
863879
84173
939931103
7
87
80
89779822407397630
12
5
576
936276234787939
988828
4927730033101692
1948192
51262019
6686703105183412547
327279671239151
1377514
8768942230
3398
3567
29346210574956
367298570390
505856
70689
1953875615901
14125985153079594
573750277
6976124317
2037100
43146587828056893
8
499098
5
851351892
7548609883613185615
9377283835943247
32768401831814353
35709737809
19642481316445312
8
696343794017062265
127416
9022586499624
900265644
9973177528652612
11881638456744678
4650388367440976
498530448925
182628167789
17706596
248381528
356275
3768278879751
8431988
8654962783345
8868279874659985
28596327
665688
811356
188277953510814
646798
5447113236507902
515576725
9965142537435726
96908
638602689838
745249286831625
465221890
9659156455321553
5677027
255810535361
1436018934
7998072006453812304
1464369885279533
4738366332
6312664695
3955716561814541
72080850840
666205407171325
15732161
993883654032
96541706615456983
85919818
591
99548478987573
908547485
503468238766280
5161865884970
55440443115829
619348369513038
56850573810
9
91255093440601706
9
9020636709475
364580740061
3176222581959470
91243249489766
65077893877572
564025850
989987
614433159
634
313906481
24727206483951394
36299125471783193
1650614533121459
4325461749
3827150737618
542127077
738557239417
27868
7388208
8399914693
7518566107697
8
63860544987
7052713768
8963
7055554515613
10524783192282
91159464747881472
2803056239337216
521937589163563369
7192944668058883226
479
7347676
28499406463
26130746944
38083778606412745
7
602740578759297497
28638736637902
5301647125
1845426
444
1320462745109524
7
896107500710
7144801627290556
4104287
276
594103895
59297968756884
72416110244
3405276358641
700623761
1
73349
2369
50812633573
6684376871280992
3
7607518586467106609
4772305373341
2852
36751955072266846
5829068
2093330475
125
1547338978149896
8435492800977960610
837518568
24391632548048723
53119508499621
34612525
1868419469552
269520
899
4513379197842
96499923
26559279833
958232271921675107
60953005674939
9745
464778
357
836475
1380857617483
38707051
53075147
424
307153421068
48088741
2879977366001234697
59550993877
1
3442175327925859900
688109614
577787403016180152
8065318627
7433093
413413
700925146201419509
75963
85
371269921896221533
683668636258980416
1914557
60618321503074
24718128
34823
453424
4522349727
24
8843
546443226
338031813
2131
5796640981
95
720485
854020828
8127677
79
32586167
6896737823253999
580820
82393212172222818
45513
448236998693805
7189085131
2492711864
18381184
5636027561454543
88329737239761611
350554365
88234
4226512058484481
8974330936143
9
52418621770418
36942860857994
7317414
433619747829508
8
324643664
1
7742557
943765378283722833
37005
865759115592
16643447637044
168205
92988245575630
205991670051695
93495
2022
130042
2890575661809379944
244935647174
66081
285579
4058487
5790696668628360665
63
851761371889
60324
99190332
57247880664573
792779397969667857
10470471764156847
90967
4342758262208721169
38215294171392
7498634
16488494672018
4066058247949353356
14188
77002628607962
993986667212726
46
660057077633618
573704
983021
1421258362648
8074143734556142
30735909406042
266228
635101077850
40968440
91575589618
29397468255211117
83160048756129
22
9398310460252
96
755573653
880
23679738248393
985848651918775
977871744839
883970328799893
58236957116145
61623661065935
3765144
1016380620055930495
64
834274064787776993
577866
396645194987
7215415
8
34
92639376320884769
59223324
5
2684642637234830
28128223787002305
9142104347
927343790940
56330
9614958759597
888868179500
43216770673037
958000707634
7
415
513844043987231
84413922798
79
97557801343332533
75862184095497
47300728283126770
416608797885472208
19
4478353457
217581165590
525206801
79548715393320013
81021725239
752
50780
25789
2
658
240262258455
872722531696972835
56875435477876
70824047212
542374303258576
3381671677282305
363
30488
433
73402138
80
7860039031322488
625740028762415894
10801
60869249
759
248
5498
3127390
19173518347609
1315245342155949
23591139
6557936728095
6028924
63739885533772918
2714988543651931
4556456897
50817
6125980250203
1403
12357332704
1569
9099949363456361751
912
1757054179608711
58545896405406
3019062766
641459208
5
778
97146363544
5432052882
327441
90738081
2
392805312245038
56
5411819712793796
94478966
694328148446554
4117681
47
494448
5125127839
233739954
4660
118414064
159892603517646
9480527234491315018
1
689
595
656556968385858
925
80132910451
4679374
8140691470860291
58546912700
46474264039965
13552849
6
80564424471129282
439908449625663
72
90690691458167888
8403
8465238415202293093
99387108777311125
613465
148727
686139
10317624
250446044024540542
8982649
821098
97920331129
15
138
87046
389951732
55169972
3745764598310208736
254381042
2938
77834
7213761447290180299
798366479308159
99496690419378
5106852115
18990097397665965
76
57097647603316438
2
27
2701282
24
932524233479
53829246984431
325354121335
415333684929
66
167025388
18836961027400921
641149009861382817
4544637056196
9
263102584617645720
95930
3582659316674
159
4812
64095416770487438
547522
27814168650655657
173092887412968686
4
7822178
8684295542722120808
68
968488971104221391
85
23
76074432745196417
325920052366
207237781
943244148
6081503
2472331
5662808
6930887192285714
89095982339828133
7
56796
435358329301
7316
31
78099252528998
71853693
68269766134
6
8317566095151782
437344
26558194077717
967511976876823
72603921617000
67898843454689714
62499527
65196665502889
148933
9579961634715
1671
39050622096265
634850191902000523
587
9533364553269
299
6470
401501
22136142998278910
1047541644271352
8142
47197
18009
51481933
779506883046150338
490827
3752206621663572
3130064575
347256618250897389
89891593
7160627840
60220749770437451
1704251320
4423186
939490287521870
78989150912924
449087609
7545217739734
55004
8052307283
925112
7
688
3208572
5426893924871
132555594180
5
15704326
889098404416
6942405
55899873379705
746438799
573507575698162
94026561987252
86646320207056103
70263940557
38002
2262970373
225
268110047923
25122399
5716602017263
60542308258681393
5463744230415207
76937516925601925
516312694114
884218
93
378693
752676237257764
909715277408
213733400973104
80
6740987842592225183
172259961681
9382
49222
86850733997154720
867346806183449
969316
262083119251
9454
79745942
12
3986755497
6158197977
9541195944855
41886330189040772
79326067476535
61605547914
25
1471608572665357
99652
3896013653038
4190
95520472441
714225979073
7272982587718446
