5000 1404
4130224
91
7722808280282850402
5086211922736458334
19525781569
7047446
752605828220
63
236147
247126321616
535701817659
942075061295934680
23560268906
1
5334104529
393803597992472
2
65526622249336750
795002951522100
8197861732906
280
33135501684182271
564100689
8523575493
6943
498689048264
707085356
106
8039
13796988
661660381068200633
55828145828
178
53701306967137
9973329481369395
40127581023978681
2844460
31
36690080931
1917133
1911
494750517178
52414785421491
79935
580945569878
59335415014989
6890600374194931780
773501935689
4593
99670
9076684219824196
98
590074
11969505015916
2545985407735562
711883517
50631909062208766
19259201564
22
58222461
559
5959997777180690872
260091
919815055367190954
3911936080651
91867461982
1877593664986425
77927607
58479565409365237
212310070756081
955792157357019
762482332142
460055791539342
496515727
78397
3600403100691
15647206
9
676
88023680422
43608940275289
90644582845853
41239491838
4853162077575
935456325
6319438520700
806
962
143402673330686
41483747347
964730934
93731055384
841
90533012047
764200144412
3658391299642731
15
31617386
85175610339
5246736590892370786
1245268550302
256005710329005
6778040579386
728390008084198
58674
9033124777927705
492
751
68857
96
8428740
943567528246528715
7201769
1109790033
8522359709
724465
69143391901
4118230727
2746497080316
42439
535609579959901109
177586
1978441659065422129
1
16
2145384581
4191731291866
49433533
33
5548073265852230
5241
355361960422478
262
3987647914655879
6173127703
6257257641488677150
28482107430566
6
1111382139680987897
87918542829655305
1351095368369
825
690062263873
1170
9715825546
2947570145430379
6275
7323130342595759985
2891298673338
6872
8595062277
4576
9647989619448
2396273873
583925788997
7635523282
8
920923235
84812846
1872340691
988045068114922653
572110657153112
9015
7670642182695
44113382
18
1236565187
79
927396947428628439
8585597999649855
2903326473037112385
6142425453057
7016425671469303547
21175611709502
36309965868485174
917435841408570
6131016510471820725
892738757085
813511576301129
857578249469483874
530787053465258538
942736846961
192452264643325
3527118335
9939174982617195
2
85763695394529647
97891
565750577818971776
7054553
3823703801916073336
97190674
6437336175835402432
81433
306744128
4098
64759297099421
39537555399893208
153302053099736
3299791897501407
75935
10339326039901
4596713358905
4369463172031837
5645453314030515
9081488278014919
595491901922
76041190757390
28460388711
308152976581912649
5679079345882996
3184
2460233165645942257
293061820369686479
903506986
595900684985812
4598249572
624500302049592
87739422732753
761622007442539790
461614257528669
38756417
9772218114244
7308270
49
80504025
48310722804021
440744594105
2484976917109613944
611
75872009717960759
791046960249844
12
266216014848963
81485370
806
5523587380852389
4943928
4703
59768509125172
21964
87
94685303866347090
58358280822
9462630857346
400735
725611417635197
3
55
640060773
868256213538693758
11486462900
79254103
18339875
192820517902237916
719645136
6105404132274421366
8756
583514583017545
1645
3337949937806099571
10050209
134
29769937064
28282383758768230
631909732871437
673771503053280
518546134380646707
467327205026182572
72324
20210894841528
904841147960
941220553335
5
6
20
6015498
81793
858826306822
749699
8724085660839165
74753579456
95318187043153
23912
80
17289590574338448
56221169
4340224
39
44601526470234517
110
4566747385
5736524
972246320
2552549165192996884
864
519995603
6483182999666754406
55200367030279688
3385316321268372672
34
80693512891786931
679829
9296
40188
752309866686
7746589479976
276039770
43319240
82492543118720666
1
44457195443468234
9947615635
66537439054
9130466169
63
250081572199
7
5428
1060533
5186
4
81619
91833503467
3405978197103782981
1380546
93698279588548
6336398
14099905729
97
36
3828588287234208
2827436312442
6667048603466443724
88243938659761
224867857535723
54388877790601
3763251819829422148
42659
818345
88928834806
28906894
10229421
4037478219645123050
70927858
7843
4246838228
433851533591
9931806874123227
636482142
66379611092600198
1656166
4
593509500
2440925322828
7920909842982398390
459
8377115968940224870
5494237
8570929829422
664716289
764859348727
755764578334
830853
611226034882
9455497
7169476370322
959505399
383
738276842846858
36791179540
3801620682898490080
84709437
1250913941733638370
92806573093
50310952
70806619692036
802882330442
66731367443186645
58715583471451050
2990991951
238
214
2240522
59113246214
2378
9757771849606446
1825684568
46717410568610023
818
32017
193
794
7110300
36465645134
44
2805958
43147
43805762425
290886725
14608562797
51884687699734
561259317
4318925003079
71
5768124
18
995520649406
5404491877864
4951284521446912
4135430269
609871
335080172596523
7921292766395115287
914478764987733063
278996
5365
875782227
4830490940155287238
4574462718383599
21216
6285932
56740129214183035
11152704719223519
14
217
377068875544029296
7084767037
1
154468012915
30828738
886036
30
563932765
510615
94211
92076487
33634910574026
76
66871141
9254593975
9005354082710
9098245
322175264415076429
57125
8886
1193
97
1333
260848
736045053
63
55
71
795575
148749698273765
4499775905
3429
59677396968577592
4335051588609
505533
994673639934
936274732
4400
913148
99487426
31483524
7471635349684
246799971641337
1448689447696831
284212410
3383
464015493837
3405544243974391
12880646870696829
23007951287180411
6561
763
201931388149524
5334542
706050
359697
1306380
1974616
796516623250791
5
96
63815491835083
4400696324790041
2594845903461
2784085320278
823
436630154874514858
113589133884971398
60928071223197
8996709683
59854922367756
67
5
79645
215
526648
8408709628
3
4341649462
842818526555
1859769947577
553804971
6083241
5665003427701
281874
1290703
3405
20934506949
4416966408554653
205510
799462180
4667755907
59463731
630935
57
85706168965165890
528722435974254
976862777562
7212
6663847366703066
1614478929
36868853085201223
8493449207
514
64691276335271005
373
1538720307586316
4
605545725726071865
3141266
42686
5952154595
51355444529
70742318994
450793303967558075
6513748446216
595
548
44099928982
5227401934044
99425
9383
980709469927139
433450503992
9908281
55054522844
503281716
726923434285430170
988227624969380774
4120
407605619975631258
642906978
38464312734146
570668803317
959
2955889414403800893
10547343398
93917213733321
16239842218676
902184
856459
6576122
97004172
525336470
1027215534106742162
217115734061878
7346397968450294073
221126716
635834986776396
556580033
9169506036461416
5425995160857260044
559112690
2426742078989475
1034942613783226
313179969293456
8740466562791415475
83270322755406337
468437199558
9389274564
92543
6594761884
29946
9975673577929374418
382388821
49630326325
886944405
7
686309773
121382962520147403
60
6895954073771
99
1804015851297
1624543097875338
82480750857956903
4193551
51084710
671585766367008
71
5454
8453548749
316
416148260202127980
67192023
45231
9
90596422116774967
99
4192015345232267953
851983601
76624563
827743416
3031675050875
3033690387
54063
6031
8765867646908144
56753541
7365881473910
771196495902968
2385996234
79740
4750771058730391
782983267922452
82124591962847366
6449
8518406508856517
1
80177
16924032
40527985386221
208003715266616300
5301418
76523809
74
7328
926619248582388032
484084309147502150
5043172510024981655
23457956154045
25075866765684
3860272
39
2042
26
831753
2894
97380
9298656
66559521
1093652779431980
782
1436134468258920554
2
4367287123745179080
5522
120713119556737140
99
82741992578273
846458344
8571433652910548
11149710641765774
91
5212316
800491
57518
1767732959
74090034364157
440511610
21079135209
30092747
1229631779425
2033939797
45628380151715
980358917
747358191
774170536147423
46907696576183
6097743662
8240
53
369221
31889
8
1271
65006526653879
525108805745041
989
7107429389840480
6816552652451769557
691649862
8714283
448924757889754722
77385107
320
990419137000
979650377013
494663232804
70586071419607
5586429255974674
78046140318386
38166157
2180777
4514160216176
934697305115222
835785287187801294
582443
8001239721366
7
96641834552
729
26307789
74
692887597617883
73376052889
9013
902
91222479
2972028193080
3878
5288960848
807200
3733975081134
47196
53235321054462895
9893044059253063368
590009204
331689042
77947296
541005
6587207405613314
2
742704982641597
71666
355106
4864
9720005043267807897
2083924389490875
763352
2398
6981828179482
45544326008135
7
64945677
781722597631151
122
72881
903555475462837589
54103130
39120409
36
3216139127870327492
606151000
6
964366
1781561
239061
1
3859
236594775878452191
2775615412851450733
12400517
46867
809119377
690422239833786314
6490097309
1006492352602
3302153625530808
9407423311605339715
234797895
885472721
140581812750
6714
282683581957195763
30331659
936006876561820773
6428531
2
560055
2734391381141181
2481177
833809543660854
5239421
397645201
4931
47867209091487
401696008
64768118167780
454031832
654
518
3
6631993655236558
349537712075012821
74
342710151
98496701776955
9076661599770513
161
7768645
36621929362991848
8
59700234763493
74
18211121182514701
9165674724633927
17392077344094740
104362672366435768
3224
220759399880
38594177212086144
23
9903053
9371
83
8
334683497921335387
8708755247738
1784575182309232
83430640
517153644
4
6787451987
792
72
59621490618
600432849923
92
717305
938776204467
6970779677754668880
68213943
762579
93510028
9623346
63434907
1655187870129
74281000095620320
3439356144
49760100885480
8
2706897451
193792282055231350
83
246
48
45421
85
3894981064583
1023
8252257881546304604
93289407
696823048400411663
952742545832151
54482702458019956
187
698
45255159372961
8774970065080807966
39339600087
42714
147793718148621693
9384920677
558216
6522035124220103168
6038317100782578430
297
67562470
9962638
56017152
66655808787854
586670
2073968196943
84450032
83898110462376
232751189760243507
4156
97098
6871545778683617868
273829785872181325
38
3467355586866524
41893217
46
1536791764095
227410556166
6091793266
4878068
2719414409996
26109
29187919755983
5961272
986854
2
38973817938699948
22919527050
56280836705760
1693352332683200
261
569887034534148069
688
74056
25431428903144130
58309779777
4272
27609442
383798301192866
73362892686647212
648409708904645527
87417258
405650497573350
7117814942836
337910794465710
5340
659421689
81341
321677325755515299
2930994
748385981
7531104765961279
1606687006818843
766004370901
7269159961298
7783279312
556494636565
51892
13712
1673426221843864595
626070189
67321607
951
5968368
2513897488
2912
6379559
5254573258028
1686221870
8068028335
644045
1781726498631266190
7630940223347
3183022
20849792061
99
272860475
5517
4058557518
33556192
1800
10783007
404121
57861809
83437513
712
110016485617
6571098408121678
3974916936955160174
745969358442
90276
106
67783557405126770
40440542
510197074840886
678007657
3200192073570531
4
881724934394468
136537
9
411
30
24099506869495
94087809100
69644828972
662417831919902
222346121610
4900868630794774
705076659350869
207
19701
8687664
4638275644296295
8510
50
2533988183
1332246763146
180870371457760532
8130427
84
33634
8768527854663920
59213217122030
580
1025383
9307879
978781620
11268287
30826606
8681897996594613
43267
8586
7275278135
4627032377568877
1464776457833
306212842352351
4762833785
67816268028
71
384592219988978174
1580146721
3
49694412965900
1630436
79399357682235
902
1040208
4012334957171612359
24119817173547
159816186660
90151929817
352712959147
302780242
5596858748694
340165687661
287162
8267
60415
3023665938283
463
28336439939677
1332036808944869
45042
9346278456913868372
8193773362231
9163494350691
3645093
1693256
367945071093571
5050309464617425664
17419
771736517361509165
2538318607020085228
89305393501077540
67944757982036
87188589
45
49602390047448843
290298094249943119
78421514874
324754929
35658265745211318
7326291883
5823746915225113
4335713842805181
5229210615118918285
57510
69
6681
3
260242922
249
6692520
533362972692994
553549164962496279
80569923758069571
5
85009703614273241
2
51162863
717038605575
6991909221330
803171947701
72644604179
580910294948310485
669163253192
196738
25645410269711179
904519223481207
4045824021
564221015827889715
8603538
63
6845356232014094695
781662
493798525408
5475055646544593
9609524
9373068971708
7349300
1476
7
173976997457160
5293105592030
593493144244
919656
6372169189198
65763715721612299
7329620389294302601
452
989276460
31087387
86390567843
411715607223176
47242674815037
1
9947691998
592148710
9175856073802
93061297542436
1826868629096
94034310104681040
4136502
59773089836256633
425277876701321
588700963
38747348291402
4189039
577
2
46919374066382
1977378738115
3
16079367950648526
2146779248774678
9683709742
5876093
9250756650
19209656206283
28866584688
8106999545831548
817498347
6736
869829622424351
2986
82005997025927679
1013398
626784939
387755339385589
203
4577055009801692601
49106451
2979901183391671197
444534
295394
5
90520491
555
99952199
1
235928485553896
85152
651181194228628
84795221360784
6401
571780245378
3
1673752297691465
5316691232309
9298933
760258
23707577
570203161959322238
973094376
1499348
1
1680466416
668391227545
55051108600348
79998789
71335
50
673050965617751
1145306
58314856742031
4294192
5006204456
4268669884620710
71388719604
2515244676816
2486755
7787863240312261
69481
84
843471108354321743
78012070
92383262522
925
60892603807139
504
3
9
4224
2152779403252
34485
3483846401773
6929
9792734290830304553
8233155305116
158429938710
15747
8374773
4455264303
5239652226465
944340567425324260
674147
30644613608
2457198636516126510
73331193762730159
8793403844792278454
628302927616828
6655199842558
1345168739801876283
526437281545
399311394480073944
7643867466
695
9763863868477461367
641580854164
26247374943819
44161
966752079615998005
6908944639044
89011893
459812712115
6581
81
292223693150528333
20
3301063009648994
7
5846587262725160365
57835356026
73
3530094340
711244
711782002885
718491212602146
63684588368233
564896511
3
4302
84546950
47224864
70235584
3
83617
106
87624335093066213
50526473942788
7057113200277
54
38062
62613474304771085
7700
1486246
61
6517160559371
1223604420538185
222236926928125
9457479029549200
581650483
735083
33207611072678863
474
6619656638459944616
7669
7420682339016
64500147
6958517
2629387
52518
771826988418968
35872283759292
1702
8923161678098255235
256375
7
70630052
40556128089920
5821345580302237448
5982982180
745412094515797
982238670642551371
271067939842532
3774
688
18617102918741
3027916816
14307
7595
64386642801874132
5501880752
1564525849
77
559
698140701751647925
2618419
4833745073753001033
3817792096086511575
34280425463713801
206651399
98877690
481818236697512
63997
47619069591
8626302597388218148
26099
261322848260267
718553
74633
306314246370
59498217
33583867978035
49
93259034
250095211017956
481447358733026851
810649756445
8778629161551047578
8196660
352870865449218
4341348883063490
3442215019470450
5048001469784320
816591
39946044567342603
2063811010
1676586860
29
7237840145966934081
60573
134883445516293
6
43
8833690
8
93262215180248663
69292931828799834
64200
70272
1991
568922809
762092404124194
5538
2418682425
4527
79717579391291
19647927
2115351126143769
7
60675835586896
3118332697
3824595272688265837
8654503
54419
68
62095
70448837945
3286340
9343262
62878
51981408
611812755
96898488740
96769
362888068417148060
98804864674169
269419913982468752
6232421286
1
99308386
4007665707424482474
418318612217247
816590396637211048
703549290504032214
91
1537334987
9846079
779635
1
5108297619
3401089429405444
821436172598412
43
39112845198
651373588582629618
90123
6725981
676853122627
585
5
64
19790522
6602654899693758
2060
6431716354059
1683009995
699426460885279086
837235758
33902
49
8104163582798723045
674885
492
8905904835411
89375790211
6161373255166
5
122
6509090091268357267
74326655702
42592
7141186788307401998
898243717156732
79
7279801665375218362
46584713
19
6765001902268
5
754097937
9406977
480323419923861
800
5221271
577813236594
71742520913
2144573
60279957076
9888087829287364803
54534366959372
26423789284365731
706072944223
694633403
441518
21505608960483
85
633364
93
5260718
6618237656731412865
715057268189486616
254768201455
293925685
10558
79293761510225906
53701144
35988238763
9584796687044025
94665614297912931
1980907995624015
8298270415
7083725330183
24576
930342249626
399020572874132
533570598
5579097913
5
88194
83
55979257257
34751993759
8005723022
493
1724673175085
345654
935786275285913114
75722207
9516040378057
14761699986668
262
3195259521121
94381025107424
9904775309990
996
7982
5021127687951387814
970384965
64049
1605212244889
3053270602627614
9622435900783
9205
46
118804713242
956015845297516
709373352298348331
868256795429
641754859216
70244122
754633729096884
32393865897094
3019977528204740931
245743905365
532951319690200
31718558
6110837
45394897
63
92018894087793079
4386161
38
6506
29062529
357578000916770
437264
84942010659
1
52
91135382
11630271390981805
323475916
310114042
8
968986454750
63225762898
80931019222355
39345849306
509781
8994971095808171
966074
90330693443393
46323
89545361509
2587767
56
59053446673611954
62
8129154677452729
7486338628
5415
505978437657
22991220551587447
45379661
945083077064
63
2836
480958366326
949
394388811935846
447
60345684
61158964657887914
948
997
7320488099638
495
877714534
66
20918923641
243080438056636437
116462631300736
4073200931145
301
610143418
610975
405
10856904
9814631068
410057670367812
8183174747520346
944352593336406232
6
54555128172053
2401815732876700
224440782
28006039416094515
5
5422099137865215
77355218446
68749452402401125
5181
68506442429
97174590
579943886741533136
433244
156235629664
94199445742
92822
8588
4920952
1583454722272188591
12361113604
593628781187826
31066029
5230638039603
234568549082504
5
2034583360363329709
7576128879694600422
550890601694638664
5628637685281601234
99115
40080926
95261408774
447443870384
635507797290574945
43006878878760
48526840904
27
2984699920657173
72449367
50
3146
698107869346959
6793603
5615622624
432
7569
528245044033183788
3233033430
14725818
192515695444335249
308
3137194249685367075
8242086393214747
5433414947773254
99
770768
105
489948339067795
28678484197118531
8274245096273750542
1249991849964362
2751888
71
39200257480259
3
1928929275682702
39110708
2689
7830341405470052542
949
406
99288917
19387474465
13798547313
59893934
77590
3534
5615258681
39131933293
45344
8922161217624288
950550677294674508
18486567463792
80346995
1
6900450047769
41209466
7730549049120384955
4083333886
776770995083974491
4452609
3891292
529506
454773615620763355
362
43535459660
13514213
359583757260472
5282156
22081434477
2702846474804899337
271699561670808
50967275998786812
219664266170
8447988912260
54260203440400
5695027036438
5510288675
3674003971678870
81558666864799
141276218
556735
3745880
390871398461
174525775042863
44217040493
8
20512180
3749412137934
857
93688985771
57675125927620
74635
42139883361
63865578904
887047347065110033
88080508
9763807
19484
16688
5062957149409
213526047086173
201442460066678758
33550
83869394
9542538146617183
36915461
390812517738000167
38488931
87864
720810
891342011729863593
521
2116897
182488734091622906
22023689451588
6302223
2142839987755638848
63439159587992
21
99302975
29771653
53052403219
71610530
6872
914249
7675655236726504
3030718124452876684
579295873539
660
860176
83571852
756170088528
82
85887321
5584246896
460
1932430034
5725099974888
1797
262771259608
757603834642
4
737
6515673093359
7736073
767460935588225
70997
945453
8
3678051676902915
5655
488
3053468
592
140
88765454936
541
61015722927
6104786
2822229
9324949
2177033
5352988111083106
7632
8
12565
890301
1103596924
144029338
24487
120682366976
21210342
82
5812748331
7187045363841983053
69547
209386516
8638240221
493
3750913034108931148
6309
24682764347772601
300175591
1796
6885793317291510614
719713588071809963
431208544967913
6158
8382102803118
62498329574
6188
98755111
6068773246313469
2041
20
61622080072616
43
21602726944329
20972978871224
4275292308693225352
762385815175516
89
9707794462118902184
7862068189340
6951337604396725922
278714513816107
6822807275
44531913784513
150186818381932
7853229
6693498037978253996
67365691663
9
3580
665280702930
7593151535553157383
7845437
87756118
5
28428971361161999
3858688835644
45870
51758
83022979
3
54942406225
7548690483
853739059730022928
60
949651890
99046683
53
811294521
875914000444088715
66075251762
243
1936267
701939804555188
34684551021
97553
482391457769469824
597815605806197906
864
4012
753796546111
534733
70929651
629103036
86675288792022
3323775
8964762836
4451422108541971
1146548
844572035534228
7096
3380581
31
91826
917
13365538
288858543677815478
60260389481752
454418181
704
786011457
3716494745
45001959
3630808625103
858932119733655358
21040952659971628
562653958999
716491
3646855466659664
84418868540936835
23271373306
9025892
47522164620
4204401
9
377649273
4
605588
40798956
9593655567627
54
6055735415019
92
9827728299071564
12
30648494
40
8757243831157
53212926971237
8045543789110
2668568427522
512981387
804913253
8647
898
974750675179
261362607175
407192485418
986640785
39
65049076717161651
6
78802430397
60299
3596608593730586
401
328811394852158
299860943760464547
2833075358653382
42867
3
610068
19393418
46093
243654023819773
7110437
9749109022525068
953213121207
924799650
9305625
65441909
9307889674348351297
932927
6415974731541472405
5
952729481156050
42073332025959
7139707483041239
977957386498457728
2715939829962189396
3079462672
3
5
667320
4854727915881966479
56862
2207553821085885755
733252
301968385650
3164
944312286996781
28589
9393267
9485772
33834353
401555796932
9542
34
306898696126456948
321171
87085108817
3557334414728
9952759
95374
662063463165487511
485821593912344
203423975955753858
4359893957767915
870
564999299
85127248
399
1037436665
5369
424093301991
914031
92141
82
56664729792
9446
83470133637
76336906863708070
7531740317
79764646187915386
3500244
796193853484
19951421967421316
466365891
1592878686501330465
36466105692
6
830742538
34758446525
282628
37866
2216695586293111249
76828
547337661293480656
89327863872890320
17144
7327729795950428
71228768487819
916883470799
68422
4281
199211508018
28022320
7
820822256
264420229
5982318715367261654
93386139693199879
2790453779
42624
38003438638
641954697640544
8532438076076069359
4315005848588604
41
699162692921
69
233
710568
777
58881538172158981
31038143232
785212208547638
71751359527228411
2719194040421761760
5752941002348
313391288
22440
39346094
23291509462
19
192273404
14
3539
8
1993641106316
72200
6256933620665448
33883
79151219
466202902254791155
139
622410
86980221531
905183002360
66296844
4283
14513479474
5431303041251
5611526260607107417
1322708987
2381042107
987864247082513948
398966284797
42849163785713
3076449536673130
152
1
9
71
49
84358370745268184
897693647942
2831
49549455259856
8
823
563202202
2
5471118862795
5662261691036010436
50150
9926892006466136538
50888563867576316
88
121478316462362829
65611
24451
720
93548495
523157
1877139658972
66042887781363
70986577
594783289409296
741
4533277117750430
324666197
351
997186061207069
983349179644894
11934
2297843
572868116386101554
762799451318314
477836
918563049
6436567410851866898
4159847600
5697868057
6024
3520802406352227191
45
76741163395
73941
2494700632
417
1918476539965509
7246
317237
2324349776061319911
78599075408932424
2744128718
71409659496
146327457041
12533192075354
65372
965
63114
818462756516
101
91034532747101382
6
73222
930885197543
4691337135305564
48435
7986365926327
167480315908270664
627417951604578429
237
98
794127438479309
6106382
6
75
5525671281939
81663659175785802
965678
70508614706879850
61947090
306113980
2298203939
5846696361688
452484878916638
5984386
823
7572
1392297038707991
602519228442380
786
4321288083
81
400653
80580475922810
8458
87626767806094
6903357
2685354788425784
871380612
872123
45
309339533225853
3609
7693362041
515050456398972042
1074
1756433999157045180
3145309
13286
413035
573122310
489
5678
302
3898971
62272657051117
190908875
879723
81
5406
14616356260
6862843235285080
15082
92
3250750887179472182
1516237415372
1093
515503
86376378637871509
696450
416090597282263
869977221639
11847
42050
570213
36652744935979
12761
790
29448471263263577
41
62229969698559
33
95331375966
78
97
17017181248
6120254
4029
55660758045827595
987125449453
6093328484681569
34445162
3444620
4566375662825
473
375
818991947
462
3751185
663257195
940677047
71863
418007099
68389312
23530798
844
686
573363898
517818288243319306
657918828263872134
981908
378396583957136499
79
50931175836
4465520751431263
9774405104892512002
1242772454
267459521424151
826
373926410
644198947
37067409
921612228
92688
99167945508631
293803331478981
52528989465249
290980
530368
87710820011105
920
30825591
95549650
56488873745
61832348821
4
79233
7011232293800813
179733880985944797
262049175
9371
152458286647512582
3626
75923318919208979
16
9946102773
9607012192
8
45116624365784160
827517754376096530
72023112
5
69206
4
887
266641599897315208
806931915748954
86
2943599043751
4473018743990862
89
3
9291363911949592973
25186599
1240204125735548
9
119519619792257
5559203841010244180
20219085831
158
43332820420178268
14098
52956
723
322889596722
4787735
160
96369
95297976323394
8410812059581507
5448483226299608
124154557
7577143015401
5964555757932809
27457317819
35798
28593096389585
16679
6525394742184
8423564731889618
207465075569269585
7194
980603
6794584903570225267
7
940849108
39047009322550302
42
19819570
7096139659801
7926256858952210074
4123453852
862462325
6954210370720894
34022115891
34418
28369938113
643441081261454090
42492839268
84256
62866951693510
5803412
81457731
89562390322013390
77320775278
2301505395942900
1553
925
86581256497115764
48968096
8646
561634771890572484
4168107072648
9
1
365036799301
17566828997716117
932423291258887
42
53890324162
138741647
8058772678783
661418729689
8
74225911
6656
55020108173376
3209011472014
3
9
2663304355
487566
202236791174538
768922423
205616111740939729
8649635177
9708726291916317305
795738
31
135
7009978211
93
30269
89296
197692248841715
951
949
5748361272786091
22
2
375490982912151
894768669879
177826665219183050
407856
5077
601001150980877
80817293553454017
708
527557808629
568317896
59396188
725623
2036835149
1937759847029630183
33762627
7
47212519
45343273059
650562020
370072867827053
800641537810224837
4012764592140228
218387988175
7743885894245
14769466819593
9615196737
336
34900
689488822323089669
465097126798
12930040
35205762506430187
846
77623948750554610
1582
7357698534226313087
53751
59789
435807621172219
36621145745
13469169
995749849121
552
24443257300241
5631170678893
76013
8998354924966982804
998206576511194600
28
482571367848
659616319
43412195470
667100
819225447
6
39117351495
798853870018565773
891692748284541728
32537882
1097869170333
40878220734
749
2171980470862750613
9051
25114418
296102493779068485
5547510
89381505
84971946225
63670679
7154
7347528445829
201513
2993818893
1417776770825
5781584110804
163788001461734
5245466887400678
2071
5689551
60789
52350981
284692
113933
872789239489311
99406
636290951986
26257323629070
516398287162
9239838
455205882736253148
632960559027
2539
54069356796055
2412527715
226675726909011808
1
97851539
55047
40895828340715
334
622639981242
9554457904446326244
7185286114000
7623
464
6460905413747
93613480480360501
33
1
56754280
65529
67174267932637212
16
58
8762093
48656146423075521
166968
4089637954980691
851804
76775
416103075719
8
8996092627
374252482034543594
4101323021039059987
98821797936
139140568
699446636243286318
820235408834534835
647891
91709197000809
5
82048
8099170987335
505290902323074
9523167836366632
4920646666246237
486848
54
997154191204735340
455018044698302
89442
61688907833
453
24291
5859327043302890981
961827422
71846884
90
651979140
8873081
8980350
43
69
267678146039
79117201003528
2
971189502
688558002892
570940273513766
4170789
861
77439
23805613510871472
6992727
88308
1808478342765
5047872922139685
252
211952348607422
81056
332171881254
8494680405
61418187662112
19349867
280
41173608206994152
4
4397654
3823038233940657117
95346016
536194302116411
2599370838053
6341864920692064266
9959278940
676248240166
3
841499
5415047633
8980613771590505
8337977716
6
3332894672580262
4103322
83
26359051573950
7
9335336135646571591
76818759826212
92883489759
479487659101978
6558578274617463789
25079734046089704
899
2345660909991
2629614978851296518
7318414543593889840
6645
624
5
7199957178
9501671310049179451
343553649787566
3446
415125731
7
16066580874259433
4286
742512839880921
111081858582501764
220033017
248309
364160886375197
9474513361
73858
64236
9462879553361
977427896739
5257121157868947735
2961348404
1315
1886
85074515182531010
70274
89110018265
35
815313
8458433308622
5648065560797156569
34666462700
46893100723738726
3311941435020
532426
9736588352135113
4106889009707
78
9910019894464661893
152370270989129
95259589
580266372
141044568836
2061
249
3690213
692465295791880
763451
47022059391323408
852859273788804227
7556704495969787
9
80600312896874
10
520
106945
5336386358453
325443
92977001696932206
703612
1105326349784262396
80190500206692
49
617028452137899
13084
4129617244874
759046520973
7271090
1982928804045
7906843746327
92
745449931376580
7221554229775753383
7
35147755155
2537
5808523
633854229172733
88435572356286838
5115271
9045446156317
941742265452
48400670214
2157318
143463
67240581374
83790317582126
70906794410
180214
653636488
533
2
9930
623502583
368134
200
25710029485
3023934796486918
753
215277931001677055
1510669418993
54
3
44756668524279815
14137
5449870
1068884858
859764999587183141
61696
67575
12
37655
244623954561954180
20
7
77952191961291853
888017365
184466401681127
55766316016
181305864
78
8521812192129
69026
959643
4694
735767155150
30
51780628016
8959326049
973895164189354625
6
3876731
68571843530738118
176418
712005
29
69765
417568430352466928
10774272
57016361021552
2207398601853
30823701512
958149759143
1549619869010273168
4214046742362116545
43623068075529428
1360586725411348
527720982542061
34044170799270
626248705834372167
25882988607027
5281762983
1352332573895099474
97
3114419556769670670
735
47640245
1122
7850343770905674
464344033
4
808278108
88125652072099
3386093187388301
89
2722638447472921385
584712
89503
46797
458735453
183
2
5048454251
61966572927
239417
4774070
6
98980543
3681413403
885969
5000659869486796
3260
49338
29628495184696479
4685534944585871329
40534046192897275
29399805454670
95850285870104983
551442963470160
300709243
1554440
266186973515195125
6179394926825418
6
4083277203532911
90776227471734
6780472990314790553
9778350696545
65
215222428564774652
59730009
41244170533868
31710876305
6
240154504
114414248278796500
61753218952
1856340513432
3743995441981215834
79
252733942849966838
25
938919663790985
11569815849130
6422
8314455382775558534
6300
565017172786071315
191420745266
1552332477744464
901
8366900601946
9953821705739151
94575
27391
19032461414
5478564
629153615909
16
7135
157058686535
73677
68
29337647448826
5315118834
999
265235683690
388206332203295
6105293340
362
17177
21702
116662712402890
45165250
493222
4201770760891900
28
455334082748055
4220
1575258421327916
3339692863365133
39478071
540738542866389
708075637743099144
57735409033937589
5903873543700507949
23653266440
89944
951446
721248
5333132845
9178763602877025300
9
43935418588
85714127651188
184
3941
6322
9860970252036
45
693
13277496580
61889983
72416799
93471247422792020
9676997600643607576
660713719550
4584281548
909406582523416
6821286281356285
1336
7042639
1528345258
53715
8702763477
80098215725803540
31052543420791
24907967127312774
441767684
556960989
8175553824300704824
788
24
1649764194
5001779640012617
742655
249
5920334779087
193439955876148
4033510428670035641
592023068893163
450
40885854206759821
717361291747432443
445685907650
55
771366244125933986
605512198766
92697644
538
814847794171759858
372403289921
1
9525
65485436022626816
152885122
620391
6873805
74924374659
724064497789266
88840891003714477
504494454103651671
63550385598
8031851791
33369494829
97888
72789822217
113
9156419327
26673
3771
83
842723549
19
6567734067697658495
49841447
5676172706
782284
510687520613884871
7513699
330
4549261854428
219053299654250
28188
6141
539200405055
30
432624278851504752
77660
864374
19685132458
8097031934
30564584
55422
288396155
584755499612017
7770080011
986423390707876723
3365500
855
55907047828693
813466
77209178132
534122612
72
774205468
323590664429030
66
266751
2982457
673699963148291894
23591246
6233941273
863834
617735743
7755550136147
6084188829
9
37163569503146020
9
421922352730257
17592183089432453
26961458
74443586864150380
55013
935949285814636737
84108788624241
3
2356615440
52030212
2478631358826557
1762892488595246254
397813923176842674
3327
461223
892829
978403547746
4462
28
359464218008281266
322918124247283
2320419277888056387
8714297425060
90360665914094
2759
62887065982025
96067215999445389
12490927418080743
1361503135
944985618041909
8479156681
3
8927091163
64546977887088
642909
4301
769763061826003
651616
63
2132738162581234734
658457097391159786
7927022171332994674
668530322612442392
5
793262
6122492883719488493
5563
8529668208
326
628667555
274724355724228
2737302
53247921
1927661611346254
413602
1646
11655974
59135301
866451631464
1
3162145951
8820076855703390
5011777389440882
9653236826878913
5515183783973
58672871236
389
4726365706096671695
65898515308
706672
405089697
603721753420
87
7754081045785
81679149
15445794231583
400734
48160955901402
87145256852
772190071
206343300254721
6925
6254130274799686
7502424
46819553259402
34
123677447
447282810682080462
62082347
2686888899104222
69035921537
16128267838131887
8222685225774329100
36
932264441412
82207812
1287819788
4
33074279192721093
7677839500365725
1664185952948262
331527448632
12577874735290770
57
52335453
398103197671697
187433951
4288284309449
4263008487240664
3027
9480
951
366
75
706547
43985009
710761820200940
5054148
3807449510965346851
36050175
4
19463753893528
54674196
1262335990039
181
9502021915
181873186001529332
60947974
43991632931633
1675778905190
762875690883661
6839759947391
81380
6
681020541895263559
407443546319510420
5
6188763544563471
535526939
80028030814779
78672104
23640533118393
899542890
28115710996739103
8
87
639356359807
23108849847
12862685055594
1
8
117280
7129
525575946462
2955034055918
138
452437560
7829531729025787293
524666
3993559127097
98044311241663106
48
669043096833224633
3197397433165
95
21
57816230133
1743295
94779642711622686
14275305709765458
3022237
42701701933
527528860498072021
9463980
2081494446882085
892
508206495
952884259
749892450
6966
78563618123
177534894
23997
94002
396291
542693094790713
4769608994
2
1273
4063601378
67
19285
76432
25391952047
59746867039
511844390
8877747871251
67278882
7076517389735609938
215451981922288
82769
830448564011906805
558404680829882647
9
34311369
170
6420009694569588901
696027866008
79685782
52835764
4019206596
9703040043915
771834
735997554239965277
1775976272569608
1943858
101997387011985
95844456569419844
61121546320
508409938
5964518423357189471
526
6911391121
6025088151
45037
599424620
33036090850055
5298258234
5448376469631
912631
8065
9832320510238186
56850510
7506820009598395137
374
2604
35098746190046
854588650
992704010
448409449022229244
512366960184
887
3923960400952144785
8
11016
27825437105364998
250300554809163
823671083
699184083243186927
9578199539573
931895249052222
400
32016
90110931
414148887500
61558111567
468768048756147
63876171444327
844648099676364
5682214869020
41839
9041224690515
785380105481
3719901803
904279721
481
693
78396744711
98692123367696
8653439113657962
630359828574741
212037604320162139
3
422883
5497
8
515315358959469
7
161914062
804055219723
73674664827464682
870185692522604
276534922
875659331612286627
7560603328
8341115
116671506
6646477674
879380905554938218
244
629283042760
686188585377197367
40050183
873137933498689
1572
6917276124159
21
9427281138932235
88617397
74866265945072268
151408851380
227323
7830431416623766
542340717
7
4571089
355977856991866091
82725
97995179513
7198908058063316315
875646146341056
84343076431930949
9814932141578
91095963809
19361
8117020899133034
986741638
29724
4
527410349538509380
216971
81
426845480145
86243532484758061
9274914
759906
30170405818
8662966
202189366136
30043
26695341322603
7302016746688
2166155
6646023821253712384
927375535
722745
5390
81
398
7350816128006113
5435892131028
2
117101511
8452
9762237
3968826265
6611277856357127
506475443
820275
767332307241387866
38864560859047
1
7348646455946
73805480
9
3535737312810
330358
73466613036126464
52585275
83942126
130850069089028
6428
397578
74
78279716
39727185
30699345337
9045282790878597643
83584438503928
7479208117
5455612859447
68467531558527160
5907003
9812003743257146793
336750726572472
416078664325
818195710
8
201303396962572400
25660957770
4404
212692717221853
6
3069229
21921567935758137
81991594352690258
2339760481243
2006559999966569
99994020081
88507611
46841308375264646
39724312113806385
75285717868087103
3141
434299012600027646
5480971179786852
2017567984
603999929894133
462022726279270
85719
9207642509877911976
9218
96
66656
2904135623
8560354926670009290
29126401114254918
6146664662
99
835982434
13625815
8171169318259
5882867
88163333265008
70
3107815383930761923
9
1283054235688524
93
5498928096
232339957179010
16450789
83067339070
1229
15465
494267134485331934
219579630435751
7217
1993834747028
66897
54
190
8344
66439669
2195594
64887655
9157504459604063060
77343994100362880
26527005
9005760277
6666
79270620538
6441904469777638
588
1
78402966614572
3911915
855049684
9878373
284874740460021
634358
141548431685145376
756
845278682058769907
303010
6776399
735585678626718
6524658209366886691
2823829084333500
83383233832928685
800511
68237136
785321922773
231
96809
63
445710876792
81711148
67
44416376494
20843
9834
217
493269319929350
2
38972841898
14
55377016551
46
85456161582270
239959
6063504
55863
4
239872668495215
4714729092669
7
301652417296625742
51281772118539
407816592518468627
69213351
799732128458248235
64104927140
657610513329
4789088685910621
5228260050815478
796252999859190485
45
896531712231824
9531698862
562579703
70622661043
840316244691
949
474898666204833950
50151182
326452796135165
67125919824
36208
966166923840
263185363207
913123199460151
84219
91468
5309652443
347
4
4727759
52
87399
4850
28230792911623019
8178215336399998
6873349911782
74451434797
25824559153
6634050
61614132820
7
325
978
88719371188
7
8
81788293103215013
8733044
544327933
84285831
88282083461
55468066
3678779480
69
3670780
7
79273479269401352
54434
76244
56238034
8276244762172730
5
599685775523256
3253961
451467831314
62
83210169691
74554
22
9712651033171484
62599482494418855
4197
35121908964
24821731199124946
9
4255059121
3165221
534366028233551
86347
69513
476098070978
93
621442031449
20697573743772
591014098320614519
507733
8302406
655442742
7427203140611
5341740
116
4593617235266454
925601263948552302
20082538926967305
5
61927966014
2958
99327045
4983
88663286117
5460329795522831542
734568
20504389
5760719
186999193063270992
137652575889098
982271763976266
8640793
3221903012733099985
802413792309385
3104936967
3183811191530589836
6283951483406
598236853450015
701
914435118
9484747
14311513245177370
42182
62542821972408088
2974990496
9774996
77612558
193806847
77589107755
639
93053905253953
6403515739
65554593
9058
841255560
6048098
232996407496523
47145954445
40880723012751322
9123707
3731891
2413425269
208093860332130650
62974579802105
8733329
58976764
962060588549217
5369390
82805700148181182
657012041
90
6678050482829824
508456734
5874327
91
55007913
9488543317
3988
226695
6
31393237355230002
885705523261417676
77719402065557
329442236
52985128934682
371555236879
7460327252369
941526270767
2430780430028
196601082938
8700279648
2
590698515508051
8585265857908260287
46011127940454
72444533133054
72881
3357306448828
935537967
172
48
252
20
852109528678620725
16
5730724077170
9177
378627881953
7156191
6874
496199
2594868641
667
64
1358382790
301967618374958971
685968
47
10924679269077438
8
813592
6464318314741
19286159665437947
202128757
129243048544860951
2947367601656119486
471222953
5591004317450263
1766008405331550381
8960246634778173426
6
62486493373
45722315
5688919047052162783
7
6951119
267527472814727
3454
19522814305052
4818219388293297450
418975856304487
703189363
84
67272
74
14339
77395
152642679041
24
57823
18893
9
9
85083375787
4976
49093032519073587
21393377254566447
55208163
2240962107632711411
4216544586
872
2630389
352886011096409685
34559
905279651083
90490610526704
94047978339036
21201631136638082
76905494401
8060387761
647564492352
75543580
1
752763617982454
51566443516677
4
2629537148
99331
90
6734414109611
4698889502
14
4690636
520166151
383
14897995
6076988
946847935016
138265968
4301005437
454729979576
7496395933660288
49
661
51786521
828
785943
5390001944034
11773708336
77938762461588
17249220399024451
582803707
8928901
338
93114596721
2565122
66057025372
7198769368182
6655454023127
7314500
82374016
29900909000
90295785
20472578
6687218723
672196610
27400421201593047
572782
5276639
6913383006747815
30840359886
60322330
39923551639421
12963266445316
333658672
3895447985
7121221851839705557
228
16012933800349693
5631103353861
5810
1461784445797615
412
3799356242
6401832
33568368435207
88616
525286005
822740175255
95639448458899316
5352233052797295
50833267751744676
5
80774093714
4290077377064744245
20001905416006
2
15826
7341855034215358342
95204276697
38382603
563
8865
243398258114917914
179565352097259740
822831989504
95382181565267531
22991
50941
32179628676
4341759731
25867461
93827730
321501643348
83497135272592
887162557822
9009189236873029034
72764
506124095510281251
598059
34
70263
2794882050567818
90933
6699325970
3639314
9852
1804629789292
447335593792
8383112861577713201
55321
3684
975494829267
452891
5231870
6
7740071593200342
326987968064
686925751688206911
86906781
22398
162741796179
9240673565
368077666
466359
898
33674383992409258
7898402059664
324
20960789
33025851
692778103724123
134053
17526226501
536384057545047
927712
36374822
3
65079901
65
46135461
9
743
62346
8889677407
96
33417027
9
7473247123891987
4968343
9022412256782
5968715226578
6073743377
29312
3476590881
93569407837144
72997851
231
3076301
626446065821960
657
6780986611782970
7708966884241504
4
698885545955933144
112
99579957070
8861585528123
19075725648
457
15
507430269
8459661
50845244243495
834424925738204610
39693651
9673234131602458
9582351591408454552
6315
8249877
9932
47601410
4044
9478
6994241953195132
61804244743145410
23997467422
41620180410496
53201
6749440358410191
578351
9003395111290046
600
6139
4134557685836767186
3
49716969984069
1281661369
4969053
987973430
6262056478291
6573749371894592548
1226
5115
355181066057954802
6577309662452327623
3893288624
69222342
3862657
137
4101823116496899
33511755555338906
32159648664381
9986770529
36970704681
103707986794408062
2979
81408980530725
1116793723480142439
7
7
6570514931182
3628
53
20274350930
703100247640819
449016
2018351571957
550384
7
430336489254
640652979570450
6891361873
3971
330138
59348865
41624
287271032073678
77256165
85594282017
7307296076699157174
75707254893379993
85965543
752762785305523626
20693430495055
5612
3394747266236862
9592302556770289
459283509688400
74547585666
6720
4713310523564
7087871757317568076
663957255658950
14387768810547161
117
5
30238
9088571574660239
205210975800
626774
6140918261790
738012014300509
9
9976266481321
364226606
599
23
4920997892
3147090575500
15745
65743731110
392468447397547590
5140
599311477116718972
5039
78
2
15859624183046078
5145
5725745151525982
1858651
20
48
858176603928605893
565256175438683
51919963
660540550526845105
1988386012983804
79481333004932647
344
25846
298534198187368678
6412295575311001
7464247781934441
27570443404
5990431907837482
594219542156
2437334
372226495608726
7809
51707396
8
2
554665639030
61923
78651696228
135427693
19544005005815
87721001422
4524184904530839
812703840888936
91857776
22000303897659
156621
855
898233394176
623529195237033
184
8706
31067278585197
5733310199109479918
34
9551319618
810
4520473691755
948728604
3487794211793301
9931532
6501
5605
3572116698242369053
4139399061727
10286323
6171
8511958406622
921
3360754681
1310762122118769939
22270761106543229
16384801
40749101625245
732987
51528
721722
515422641484156007
148926127339886
78320434489
81406219813719
1
240723224692153
91
6864643221671277
6539771351677
2902650491
57678563
1418574
2366194
919
43880073391935297
614098539
833041772036553141
30
3557781
8770251866
787541611380323738
628533913880343
4
9172461
36187050
8135519256845
71719351044486
964289903184605
154
8006
889655
98742031728584
3760868489793741604
3146677
706241604683
71760554742706
985924028957
3037
24
220800030757405
20955664693
94337666453708
4095372678323814142
12810139
5
9587437
16681819937
15505663
3685442641
986
3295795441267
471664728384044050
314745
513348363827
112124630
1359343711824606830
34922
2828
195655936294918651
45336841522259424
332626693174
78053859
9244814993971966559
526
654835214
611627030905
308474
3014299665405
3910277
990396361958
9566654453451
31290362680046647
1633324864745634
968
52360403980709
17037231331827
83756353005130
85083680756910424
968666100946929
42759023
66322
265404715724012
7343639491666
21387027
67959
62298428772
244545
9318650618644635
568932143558698845
2888476116108326
48736537
6
853403
850
101845488776
9257098641
4875381050280479831
426283882006299515
81
9724765
924268894172
720616996219
22925433
8031219506840109337
53905064695
7018627799757246910
75417265
937666517090
250368730
15588069
74692924655493
37287280997757
8576710144413
43568750576
78884100876
908945527785886335
5028116989958508
404910407449
8048
338662753
72188388874
18183926062887763
26
406985
72279
51652018555672
5
803
74397
20
9554169009693042016
4094339555
381
1703880006
130
1558266
722640053933724
20495019186001333
5351605958872868
4660259009
813811016524490
870809213
285
8
8858708040942
170975307
6010158628758
95143232
4
19191782139
239971733359923
865945776956009686
2599037485342
15655074108431
7553600141080625
39
3107623536
9
588992549
4440147181975070
502284983916179
772998357425849
2
554458
5350571
8
391574276
6515540892
69723718275
551564276213063
43
220565738022670512
4891932287111
410483992
5773
425437759
5082164287030
99831422899984680
336
378779
85100
837683294672040509
96553039279807
56249178524478272
74436216
3904050553203232313
47
8765481973415
4949674121
52799638278678151
873
5129
3507070419887856009
4172673
10458
78
373790720605
521882939211
9156159714980072
236717
6681041793845932
1452
80980151679
5
89
4795040305086
2279224538428
19890659752592237
10072647596217
8781393
468655112206
9065000059
4
329400183710
753937356571276532
96887936
10896443
563241810
5
2
616735505325
5883888
98465
205632143850941143
765801507904278
7453
40
9332166014296529085
576435897495508766
6081486594
995908178264957906
89
14171878
991617437248517642
21475
4349336465721444581
107899814637029023
840
512193833792175082
2802065821
1
18870197595
1723694737586
128599964067
26536330364496
29569
1097511433
608178063982820
9888369844
827
8626
50042229960669445
7697274666
6382534250
161827732011623720
618220259
4183
7052
2859235967
49003033966308596
284819869
5182633397
1653146
7652356
219028574
35802995
706138224644
452645379
922689902332
96006352012073
28776286096229
215
1310942
942071810562464
7
26387688
869474755924620570
588719728239295
8492
68453
87508231410
897002805128350
603492344063908894
62275778243020
9595
1523488568991642819
507
80565428149436
71350021797393926
8920
768702288950153571
581889628304
501739
55814104449984000
248530579845
993
9903864
30168
63
77686112732
77288677663690102
99293071485
11294676
5907134085679
99732411640
48964451016399
1553344
99810498450
598393
110093
160890532459
962287371015007732
901270141211
1
64488
8479560
61699
844432809174285
85482569
4206137474454
7305043918678
795
7780221
3311717280049
84285082470665
44970095704175837
23224530
5811
892318183
217
683220004
9
754181
792
191
464605630167
975007633050
868473516793679440
907
4
866
551651
7160
9715147270313
642348037626671636
5272063112368219523
8025863092034449
985
85758891455133483
429152171440
76798343327736
169362308044
22913171
6648874934
809063531655873588
9095009747536159
75121565792472
858216
56472733
281389959
16394
9393850115752755685
561521276
592113068526571
398
499226105
488167798935017
70621231466781906
3734005
97998105763593822
33858156
79087306694508
6234
391825708705333597
979
4573
4991019652038
76597590522
12338450731147
428884838331794842
520466710200
808291
5563579252740
8344268553923256
38
211725728433834
4451375993
57217576356
56637019382
512005070541587555
11535937325507712
79383665862504
23014152743067276
98059467238293572
7283194483686652
5881665361494983
55500166968844023
9852139891062393155
7129535538
2174154151
9565536943920912401
4493021971427734
8610584855103
67624639390088
976618
2549871
1600708958
254551028898913119
737343621197139
167
8267537507908966627
732139494186377
59
8566927137320131109
327996001212586210
283641640
5265875247
369
4645199199013642153
593763493063529
3254743
5051178915137498907
7304340480036
69823774
33679
67
60
9403095
768042161084959692
88630
194
235958032433
89217690759
147355845470455
141
2107878334855642773
33
1217475436158787
5454091634644287052
19210678
8233195893024
9188
626742080
9908231790369115217
787850
9735259
95211400
345736374186777881
53065389724553815
2632082795535
316231437211
5466294164148
8171
113728
86911
6
4682
9379785232
83678159432
713064756721
8943771885968432074
7631126366
22902484430232
758442376739
972404016422
6183277515321
1867568
42908
5698
464293319311076903
919
303
872351913
974805538
82616
935
88834861494532
385943
69916
26763125035
36977540587432647
59297700062550
91
28126
88482625
238098394
11026530
6048019562529119928
3861988895099
3
8928416883
615124763237518
5922796396125
77
6200756809
5868600837625
1289
617450321954
3740211217048
1512725445094
4564
939167642337
510069743885644
4707817101229048
81125847347725
3770493254165079438
4696043309435282614
898061
82208169003864419
91718872480521
800601122206834
269747436493559738
36305919
476932192587781
26689873957781
9812453273208948239
83002495503093
790795
25239450
4
829393172067
328221663751046711
44141
7048811
18774897
64474
94
155743979
7048401906820470236
1632469
6556335126715412683
497057984573785
87266729226
1628334
1455869786
117816722828085
167
7924525
214515
223128
45705354334
955032028301542885
342159493549
8332153
7991550004775560339
5990
9645
6551721214372233065
6411845646
621
555544
185430965778586
8988595
359778788
99844655025215
7
7005410793584307
6301441463384460
21869021
537080417893654
6
7037348164673
83564643
6
654838
45943218734
37518729421
26
36476
423208021792
31308639
8
85599616896665544
44678
317454322031447
27
867019540747448
3627825019199008457
45810954670156
616758191118372
237557635143338
2697442493
105344906
175914514415673
472428435244138463
6658447950
688296233206
9755267072129891265
55362
89038
430
52
4887
75047261546861789
6035912277689500904
21017076291
4689579200
321711130245
942
363051047425451
6
72178
17809717228
212104
3
561862247
8
2
4151840449058
847037167171617420
3492380919135418
864319
11983434980
517090085831011855
615841951
92084749363
588
56740609797890
893181607
26047225749
4155745036478153250
640047188447
929366711275675
9753488502082347651
50915
823547956608937
525516055233650035
972
9192840060440328
747105053693
89
725135873260601693
158378
9172644057
6185933
65074535569190
623760196244
9784380191266096
685907508557266
79571024787278957
4914
53639432690230
232282660654138383
8340686157050302886
6592405732228928
682380
57332673366695
131546738573118189
95117
4540589512977
9884333
9510004155166
324072977218574
5955488
984869574622420
736294
76534
87
7805853
330175878323737827
68145244407741165
69813015988
55463384342
183968368785270653
153
2241626884676457994
752224831827069
2088130689727
152055
574537006
72300142563664059
18962
976
7455
922335221612
97978
169220478880655
5352
794
9118982888587319883
9819606527691854
27421043087057409
931
52
5
28408646680
3964
386515
66449544526
2637387
27
4641
7
6
35856032
54476639219
638154506480645
7291251593
55
857002255871683
867267
372790965
3226577501073931
7653599055
6572017041011597028
26239812051868
5
3465
7461952217
23212410
50308274365
9
62884577292
40
74579683710
3554652467782
8562734
901911268462
12059
6
51692771
9626412076012
9132508985
95583683884270027
75898313532750623
644605569891
52466999553373297
56381
7457763487047489597
651
752432120606049
4715867095
94897482631179
39
117
949688
4334708459929197912
5110186376
51139687116480
4690
715461
96889
53223067315270
50
80830611554733843
5011
64415124
1684935778330
5317386682965712662
26774234142
26
78070
44993776
5345057210303602
20351
88141744084
3
751570
45163
93880
6895544676745300990
26363340420
2970067477429804383
3930
5122183868989
53590
860261009938484683
7457632892449245409
7
575772615692
2288049
63624439
5934529474961
7886008436967914
10027551
809
49790185924981
76
5377961317956586937
85
1927080217657960
6346055454956983710
6616981684
36162
72347705627
85257487
1
678059552288818889
160
7
715597
94726107
812069329977
99650116730933
21
4088195
7
93124131
554290125
82180
92125624192
181444895983845271
8887746886796610
9498044
4008144
169873026428918358
191
783
7
965930317
138627621924038
117166912984
269930316149
32324240333
69160704306831
8410836279271828270
52570931832136889
7707476785710038434
248192
7208655813316478580
995382466
345525903595
5647
9320636398488293713
707556788591930701
13429685356
40069329305539
40
77665450101803
94648818
6042018456696
85903514509203
1
217
677
273539
90865222233941324
4356940999406956
7261
44095557431193
482576
9241406500
3828225120
756450652342428949
12
465067774
4042439489477693
485601240674223240
6703125
6256911791433064
401
17
7852416
545
103217812
8
80442
7148682193683
80090286742435
938
498055
9389963
42363
8
4210699
119844
7305106485383929
341274355242380460
1077
823972014242
7950
215
585935818
877033735245
96719
79028235521
8523636673723287
7843364414269866648
6173
7809264295
534797185766
7
9991740
39288024
33559501
1497699183
811739692043974511
719758720553
787586104800
4
638094350312028604
1525525
4802745497
980677551661704
57939
93
27004
4676749524281993220
8595
627212137162230426
588973203508
78752014
6126894845249
89684818393
316
75
50336877233669065
1562809531688366
840966473722
5694758556831932791
839156
9807
281189553999
9045873371083985
3868
964391
88458
4751144131
157
1
601
227
3481274178657673
27149094239
30361591
524344
62745486508271526
19244047111884
102380616
67175
576600
4133936
19694
54169513152944
442647
895253814103116
853
592516
72591778989600
37838906715
1711
40
9647938039177
76
384461915
5
44859387328
46364199726339128
627937200
194018
533099031715
